1 0.3581730769230769 0.4483173076923077 0.21394230769230768 0.14182692307692307
0 0.9663461538461539 0.49399038461538464 0.0625 0.12740384615384615
0 0.12139423076923077 0.5757211538461539 0.21394230769230768 0.17307692307692307
0 0.3557692307692308 0.5949519230769231 0.21394230769230768 0.15144230769230768
0 0.9675480769230769 0.6310096153846154 0.055288461538461536 0.13942307692307693
0 0.8353365384615384 0.6298076923076923 0.19471153846153846 0.15144230769230768
0 0.5721153846153846 0.6286057692307693 0.125 0.2932692307692308
0 0.8004807692307693 0.7800480769230769 0.19951923076923078 0.15865384615384615
0 0.1141826923076923 0.7512019230769231 0.2283653846153846 0.15865384615384615
0 0.9567307692307693 0.7956730769230769 0.06009615384615385 0.14423076923076922
0 0.33533653846153844 0.7704326923076923 0.21634615384615385 0.1466346153846154
0 0.359375 0.07451923076923077 0.20432692307692307 0.14903846153846154
0 0.1346153846153846 0.07932692307692307 0.22115384615384615 0.15865384615384615
0 0.7776442307692307 0.921875 0.21394230769230768 0.15144230769230768
0 0.3473557692307692 0.9194711538461539 0.2091346153846154 0.15625
0 0.109375 0.9098557692307693 0.20673076923076922 0.14903846153846154
0 0.9447115384615384 0.9495192307692307 0.0673076923076923 0.09615384615384616
0 0.9939903846153846 0.13942307692307693 0.007211538461538462 0.10576923076923077
0 0.8545673076923077 0.15865384615384615 0.20432692307692307 0.13701923076923078
0 0.34615384615384615 0.26322115384615385 0.22355769230769232 0.15144230769230768
0 0.10576923076923077 0.26322115384615385 0.19471153846153846 0.17067307692307693
0 0.8257211538461539 0.31490384615384615 0.21153846153846154 0.15384615384615385
0 0.9735576923076923 0.3401442307692308 0.04807692307692308 0.14182692307692307
0 0.11899038461538461 0.41225961538461536 0.20673076923076922 0.1875
0 0.8161057692307693 0.46634615384615385 0.21153846153846154 0.16346153846153846