1 0.6502403846153846 0.49158653846153844 0.23317307692307693 0.1778846153846154
0 0.052884615384615384 0.35697115384615385 0.0889423076923077 0.13221153846153846
0 0.8401442307692307 0.6826923076923077 0.2403846153846154 0.2091346153846154
0 0.6105769230769231 0.6334134615384616 0.23557692307692307 0.1875
0 0.027644230769230768 0.4879807692307692 0.055288461538461536 0.14423076923076922
0 0.14182692307692307 0.5264423076923077 0.21634615384615385 0.18269230769230768
0 0.39302884615384615 0.6021634615384616 0.17548076923076922 0.30528846153846156
0 0.1310096153846154 0.6802884615384616 0.22115384615384615 0.19230769230769232
0 0.7956730769230769 0.8533653846153846 0.25 0.19471153846153846
0 0.010817307692307692 0.6490384615384616 0.021634615384615384 0.15384615384615385
0 0.578125 0.8064903846153846 0.23557692307692307 0.18269230769230768
0 0.7584134615384616 0.13341346153846154 0.22355769230769232 0.18269230769230768
0 0.9254807692307693 0.1935096153846154 0.14423076923076922 0.21394230769230768
0 0.11538461538461539 0.8269230769230769 0.23076923076923078 0.1971153846153846
0 0.5252403846153846 0.9242788461538461 0.23317307692307693 0.1466346153846154
0 0.7536057692307693 0.9567307692307693 0.2283653846153846 0.08173076923076923
0 0.12259615384615384 0.030048076923076924 0.052884615384615384 0.06009615384615385
0 0.2620192307692308 0.078125 0.22596153846153846 0.15625
0 0.7163461538461539 0.31850961538461536 0.24519230769230768 0.18990384615384615
0 0.9170673076923077 0.38822115384615385 0.16105769230769232 0.20432692307692307
0 0.24158653846153846 0.22716346153846154 0.23076923076923078 0.1875
0 0.08653846153846154 0.20552884615384615 0.08653846153846154 0.14182692307692307
0 0.8846153846153846 0.5276442307692307 0.22596153846153846 0.22355769230769232
0 0.20793269230769232 0.375 0.23317307692307693 0.19951923076923078