1 0.6502403846153846 0.48677884615384615 0.23076923076923078 0.17307692307692307
0 0.04807692307692308 0.37259615384615385 0.08653846153846154 0.13221153846153846
0 0.8461538461538461 0.6706730769230769 0.23557692307692307 0.20192307692307693
0 0.6153846153846154 0.6286057692307693 0.23076923076923078 0.18269230769230768
0 0.026442307692307692 0.5048076923076923 0.052884615384615384 0.14423076923076922
0 0.14302884615384615 0.5384615384615384 0.21394230769230768 0.1778846153846154
0 0.39663461538461536 0.6057692307692307 0.1658653846153846 0.30288461538461536
0 0.13701923076923078 0.6935096153846154 0.21875 0.1875
0 0.8076923076923077 0.84375 0.24759615384615385 0.18990384615384615
0 0.013221153846153846 0.6694711538461539 0.026442307692307692 0.15144230769230768
0 0.5889423076923077 0.8040865384615384 0.23076923076923078 0.1778846153846154
0 0.7451923076923077 0.125 0.21875 0.1778846153846154
0 0.9206730769230769 0.17908653846153846 0.15384615384615385 0.2091346153846154
0 0.12259615384615384 0.8401442307692307 0.23076923076923078 0.1875
0 0.5408653846153846 0.9242788461538461 0.23076923076923078 0.1466346153846154
0 0.7716346153846154 0.953125 0.22596153846153846 0.0889423076923077
0 0.10576923076923077 0.036057692307692304 0.04807692307692308 0.07211538461538461
0 0.24639423076923078 0.08173076923076923 0.22355769230769232 0.16346153846153846
0 0.7091346153846154 0.3112980769230769 0.24278846153846154 0.18269230769230768
0 0.9158653846153846 0.3737980769230769 0.16346153846153846 0.19951923076923078
0 0.23317307692307693 0.23677884615384615 0.2283653846153846 0.18269230769230768
0 0.07692307692307693 0.21995192307692307 0.08173076923076923 0.14182692307692307
0 0.8858173076923077 0.515625 0.22355769230769232 0.21875
0 0.203125 0.3858173076923077 0.23076923076923078 0.19230769230769232