1 0.37259615384615385 0.41947115384615385 0.23557692307692307 0.18269230769230768
0 0.9555288461538461 0.5925480769230769 0.08413461538461539 0.13701923076923078
0 0.11899038461538461 0.4963942307692308 0.23798076923076922 0.21394230769230768
0 0.3389423076923077 0.5625 0.23557692307692307 0.18990384615384615
0 0.9302884615384616 0.7259615384615384 0.08173076923076923 0.14423076923076922
0 0.8004807692307693 0.6959134615384616 0.21875 0.18509615384615385
0 0.5444711538461539 0.6418269230769231 0.18028846153846154 0.30528846153846156
0 0.7355769230769231 0.8365384615384616 0.22355769230769232 0.19471153846153846
0 0.0985576923076923 0.6658653846153846 0.1971153846153846 0.20192307692307693
0 0.8846153846153846 0.8846153846153846 0.0889423076923077 0.15144230769230768
0 0.2824519230769231 0.7307692307692307 0.23557692307692307 0.18509615384615385
0 0.4519230769230769 0.07451923076923077 0.22596153846153846 0.14903846153846154
0 0.23317307692307693 0.055288461538461536 0.25 0.11057692307692307
0 0.6814903846153846 0.9362980769230769 0.23798076923076922 0.12259615384615384
0 0.26322115384615385 0.8786057692307693 0.23317307692307693 0.19230769230769232
0 0.07451923076923077 0.8197115384615384 0.14903846153846154 0.1875
0 0.9014423076923077 0.2403846153846154 0.19230769230769232 0.1778846153846154
0 0.39903846153846156 0.23677884615384615 0.24759615384615385 0.19230769230769232
0 0.16346153846153846 0.18629807692307693 0.22115384615384615 0.20432692307692307
0 0.8581730769230769 0.3870192307692308 0.23317307692307693 0.18990384615384615
0 0.9783653846153846 0.4423076923076923 0.038461538461538464 0.14903846153846154
0 0.14543269230769232 0.33533653846153844 0.23798076923076922 0.22355769230769232
0 0.8161057692307693 0.5324519230769231 0.23557692307692307 0.20192307692307693