1 0.3557692307692308 0.45552884615384615 0.20793269230769232 0.13221153846153846
0 0.9675480769230769 0.4699519230769231 0.06009615384615385 0.12259615384615384
0 0.12620192307692307 0.5949519230769231 0.20673076923076922 0.16346153846153846
0 0.3605769230769231 0.6021634615384616 0.20673076923076922 0.14182692307692307
0 0.9735576923076923 0.6069711538461539 0.04807692307692308 0.13701923076923078
0 0.8413461538461539 0.6117788461538461 0.18870192307692307 0.14182692307692307
0 0.5793269230769231 0.625 0.109375 0.28725961538461536
0 0.8149038461538461 0.7644230769230769 0.19110576923076922 0.1502403846153846
0 0.12740384615384615 0.7716346153846154 0.22115384615384615 0.1466346153846154
0 0.9711538461538461 0.7716346153846154 0.052884615384615384 0.14182692307692307
0 0.34975961538461536 0.7788461538461539 0.20793269230769232 0.13701923076923078
0 0.33774038461538464 0.08173076923076923 0.19471153846153846 0.140625
0 0.11177884615384616 0.08774038461538461 0.21153846153846154 0.1658653846153846
0 0.7980769230769231 0.9110576923076923 0.20432692307692307 0.14903846153846154
0 0.36899038461538464 0.9266826923076923 0.20192307692307693 0.14543269230769232
0 0.1310096153846154 0.9302884615384616 0.19831730769230768 0.13822115384615385
0 0.96875 0.9399038461538461 0.057692307692307696 0.1201923076923077
0 0.9855769230769231 0.11177884615384616 0.02403846153846154 0.10336538461538461
0 0.8365384615384616 0.140625 0.19831730769230768 0.12740384615384615
0 0.33413461538461536 0.27163461538461536 0.21875 0.140625
0 0.09375 0.28365384615384615 0.18629807692307693 0.16105769230769232
0 0.8161057692307693 0.2980769230769231 0.203125 0.14302884615384615
0 0.9711538461538461 0.3137019230769231 0.052884615384615384 0.13701923076923078
0 0.11538461538461539 0.4326923076923077 0.19831730769230768 0.1778846153846154
0 0.8137019230769231 0.4495192307692308 0.203125 0.15384615384615385