1 0.6286057692307693 0.421875 0.23317307692307693 0.1778846153846154
0 0.042067307692307696 0.5841346153846154 0.08413461538461539 0.1346153846153846
0 0.8810096153846154 0.5024038461538461 0.23317307692307693 0.21153846153846154
0 0.6598557692307693 0.5649038461538461 0.23557692307692307 0.1875
0 0.06490384615384616 0.7175480769230769 0.08173076923076923 0.14182692307692307
0 0.19591346153846154 0.6911057692307693 0.21634615384615385 0.18269230769230768
0 0.453125 0.640625 0.17548076923076922 0.30528846153846156
0 0.25841346153846156 0.8329326923076923 0.22115384615384615 0.19230769230769232
0 0.8990384615384616 0.6730769230769231 0.1971153846153846 0.1971153846153846
0 0.10817307692307693 0.8774038461538461 0.08653846153846154 0.15144230769230768
0 0.7127403846153846 0.734375 0.23557692307692307 0.18269230769230768
0 0.5576923076923077 0.07451923076923077 0.22596153846153846 0.14903846153846154
0 0.7776442307692307 0.056490384615384616 0.24759615384615385 0.11298076923076923
0 0.31009615384615385 0.9350961538461539 0.23557692307692307 0.125
0 0.7307692307692307 0.8822115384615384 0.23076923076923078 0.18990384615384615
0 0.9230769230769231 0.828125 0.14903846153846154 0.18509615384615385
0 0.09975961538461539 0.23317307692307693 0.19951923076923078 0.17307692307692307
0 0.6057692307692307 0.23798076923076922 0.24519230769230768 0.18990384615384615
0 0.8413461538461539 0.19230769230769232 0.21875 0.20192307692307693
0 0.14423076923076922 0.38100961538461536 0.23076923076923078 0.1875
0 0.020432692307692308 0.43509615384615385 0.040865384615384616 0.14423076923076922
0 0.8569711538461539 0.34134615384615385 0.23557692307692307 0.22115384615384615
0 0.18389423076923078 0.5264423076923077 0.23317307692307693 0.19951923076923078