1 0.6442307692307693 0.45552884615384615 0.20793269230769232 0.13221153846153846
0 0.03125 0.4699519230769231 0.0625 0.12139423076923077
0 0.8737980769230769 0.5949519230769231 0.20673076923076922 0.16346153846153846
0 0.6394230769230769 0.6021634615384616 0.20673076923076922 0.14182692307692307
0 0.025240384615384616 0.6057692307692307 0.05048076923076923 0.1346153846153846
0 0.15865384615384615 0.6117788461538461 0.18870192307692307 0.14182692307692307
0 0.4206730769230769 0.625 0.109375 0.28725961538461536
0 0.18509615384615385 0.7644230769230769 0.19110576923076922 0.1502403846153846
0 0.8725961538461539 0.7716346153846154 0.22115384615384615 0.1466346153846154
0 0.028846153846153848 0.7716346153846154 0.052884615384615384 0.14182692307692307
0 0.6502403846153846 0.7788461538461539 0.20793269230769232 0.13701923076923078
0 0.6622596153846154 0.08173076923076923 0.19471153846153846 0.140625
0 0.8882211538461539 0.08774038461538461 0.21153846153846154 0.1658653846153846
0 0.20192307692307693 0.9110576923076923 0.20432692307692307 0.14903846153846154
0 0.6310096153846154 0.9266826923076923 0.20192307692307693 0.14543269230769232
0 0.8689903846153846 0.9302884615384616 0.19831730769230768 0.13822115384615385
0 0.030048076923076924 0.9387019230769231 0.06009615384615385 0.11778846153846154
0 0.013221153846153846 0.11177884615384616 0.026442307692307692 0.10096153846153846
0 0.16346153846153846 0.140625 0.19831730769230768 0.12740384615384615
0 0.6658653846153846 0.27163461538461536 0.21875 0.140625
0 0.90625 0.28365384615384615 0.18629807692307693 0.16105769230769232
0 0.18389423076923078 0.2980769230769231 0.203125 0.14302884615384615
0 0.027644230769230768 0.3137019230769231 0.055288461538461536 0.13341346153846154
0 0.8846153846153846 0.4326923076923077 0.19831730769230768 0.1778846153846154
0 0.18629807692307693 0.4495192307692308 0.203125 0.15384615384615385