1 0.35096153846153844 0.47836538461538464 0.22596153846153846 0.16346153846153846
0 0.9567307692307693 0.39663461538461536 0.07932692307692307 0.12980769230769232
0 0.14543269230769232 0.6526442307692307 0.23076923076923078 0.19471153846153846
0 0.3786057692307692 0.6225961538461539 0.22596153846153846 0.17307692307692307
0 0.9735576923076923 0.53125 0.04807692307692308 0.14423076923076922
0 0.8545673076923077 0.5564903846153846 0.2091346153846154 0.17067307692307693
0 0.5973557692307693 0.6105769230769231 0.15384615384615385 0.3004807692307692
0 0.8521634615384616 0.7115384615384616 0.21394230769230768 0.1778846153846154
0 0.17427884615384615 0.8269230769230769 0.2403846153846154 0.18028846153846154
0 0.984375 0.6947115384615384 0.026442307692307692 0.14903846153846154
0 0.3954326923076923 0.7992788461538461 0.2283653846153846 0.1658653846153846
0 0.27403846153846156 0.11177884615384616 0.21394230769230768 0.16826923076923078
0 0.08533653846153846 0.15504807692307693 0.17067307692307693 0.19951923076923078
0 0.8581730769230769 0.859375 0.22355769230769232 0.1778846153846154
0 0.4387019230769231 0.9254807692307693 0.22355769230769232 0.14423076923076922
0 0.20432692307692307 0.9483173076923077 0.22115384615384615 0.0985576923076923
0 0.9182692307692307 0.04807692307692308 0.04326923076923077 0.09615384615384616
0 0.7764423076923077 0.09254807692307693 0.21634615384615385 0.15625
0 0.3004807692307692 0.3004807692307692 0.23557692307692307 0.17307692307692307
0 0.08533653846153846 0.35096153846153844 0.17067307692307693 0.19230769230769232
0 0.7800480769230769 0.2512019230769231 0.22355769230769232 0.17307692307692307
0 0.9362980769230769 0.24278846153846154 0.07451923076923077 0.14423076923076922
0 0.11177884615384616 0.49399038461538464 0.22355769230769232 0.2091346153846154
0 0.8016826923076923 0.4014423076923077 0.22596153846153846 0.18269230769230768