1 0.36778846153846156 0.4266826923076923 0.23076923076923078 0.17307692307692307
0 0.9603365384615384 0.5685096153846154 0.07932692307692307 0.13221153846153846
0 0.11538461538461539 0.5144230769230769 0.23076923076923078 0.20192307692307693
0 0.3425480769230769 0.5709134615384616 0.23076923076923078 0.18269230769230768
0 0.9423076923076923 0.7019230769230769 0.07692307692307693 0.14182692307692307
0 0.8100961538461539 0.6802884615384616 0.21394230769230768 0.1778846153846154
0 0.5516826923076923 0.6382211538461539 0.1658653846153846 0.30288461538461536
0 0.7536057692307693 0.8245192307692307 0.21875 0.1875
0 0.10096153846153846 0.6887019230769231 0.20192307692307693 0.18990384615384615
0 0.9038461538461539 0.8641826923076923 0.08173076923076923 0.14903846153846154
0 0.29447115384615385 0.7415865384615384 0.23076923076923078 0.1778846153846154
0 0.4266826923076923 0.0733173076923077 0.21875 0.1466346153846154
0 0.20432692307692307 0.05889423076923077 0.2403846153846154 0.11778846153846154
0 0.7043269230769231 0.9350961538461539 0.23076923076923078 0.12980769230769232
0 0.28365384615384615 0.890625 0.2283653846153846 0.18509615384615385
0 0.08052884615384616 0.8425480769230769 0.16105769230769232 0.17548076923076922
0 0.8677884615384616 0.9819711538461539 0.08173076923076923 0.036057692307692304
0 0.8966346153846154 0.21754807692307693 0.20673076923076922 0.1658653846153846
0 0.3858173076923077 0.24158653846153846 0.24278846153846154 0.18269230769230768
0 0.14783653846153846 0.203125 0.21634615384615385 0.1971153846153846
0 0.8509615384615384 0.36778846153846156 0.2283653846153846 0.18269230769230768
0 0.9795673076923077 0.41466346153846156 0.040865384615384616 0.14182692307692307
0 0.13822115384615385 0.3545673076923077 0.23076923076923078 0.21634615384615385
0 0.8173076923076923 0.515625 0.23076923076923078 0.19230769230769232