1 0.35697115384615385 0.45072115384615385 0.21153846153846154 0.13942307692307693
0 0.9663461538461539 0.48677884615384615 0.0625 0.12740384615384615
0 0.12259615384615384 0.5817307692307693 0.21153846153846154 0.17067307692307693
0 0.35697115384615385 0.5973557692307693 0.21153846153846154 0.14903846153846154
0 0.9699519230769231 0.6237980769230769 0.052884615384615384 0.13942307692307693
0 0.8377403846153846 0.6237980769230769 0.19471153846153846 0.14903846153846154
0 0.5745192307692307 0.6274038461538461 0.1201923076923077 0.29086538461538464
0 0.8052884615384616 0.7752403846153846 0.1971153846153846 0.15625
0 0.11778846153846154 0.7584134615384616 0.22596153846153846 0.15384615384615385
0 0.9615384615384616 0.7884615384615384 0.057692307692307696 0.14423076923076922
0 0.3401442307692308 0.7728365384615384 0.21153846153846154 0.14423076923076922
0 0.35216346153846156 0.07692307692307693 0.19951923076923078 0.1466346153846154
0 0.12620192307692307 0.08173076923076923 0.21875 0.16346153846153846
0 0.7836538461538461 0.9206730769230769 0.2091346153846154 0.15625
0 0.3545673076923077 0.921875 0.20673076923076922 0.15144230769230768
0 0.11658653846153846 0.9170673076923077 0.20192307692307693 0.14423076923076922
0 0.953125 0.9459134615384616 0.06490384615384616 0.10336538461538461
0 0.9915865384615384 0.12980769230769232 0.01201923076923077 0.10576923076923077
0 0.8485576923076923 0.15264423076923078 0.20192307692307693 0.1346153846153846
0 0.3425480769230769 0.265625 0.22355769230769232 0.14903846153846154
0 0.10096153846153846 0.2692307692307692 0.19230769230769232 0.16826923076923078
0 0.8233173076923077 0.3088942307692308 0.2091346153846154 0.14903846153846154
0 0.9723557692307693 0.33052884615384615 0.05048076923076923 0.14182692307692307
0 0.11778846153846154 0.41947115384615385 0.20432692307692307 0.18509615384615385
0 0.8149038461538461 0.46033653846153844 0.2091346153846154 0.16105769230769232