1 0.6502403846153846 0.48677884615384615 0.23076923076923078 0.17307692307692307
0 0.04807692307692308 0.37259615384615385 0.08653846153846154 0.13221153846153846
0 0.8461538461538461 0.6706730769230769 0.23557692307692307 0.20192307692307693
0 0.6153846153846154 0.6286057692307693 0.23076923076923078 0.18269230769230768
0 0.025240384615384616 0.5036057692307693 0.05048076923076923 0.14182692307692307
0 0.14302884615384615 0.5384615384615384 0.21394230769230768 0.1778846153846154
0 0.39663461538461536 0.6057692307692307 0.1658653846153846 0.30288461538461536
0 0.13701923076923078 0.6935096153846154 0.21875 0.1875
0 0.8076923076923077 0.84375 0.24759615384615385 0.18990384615384615
0 0.01201923076923077 0.6682692307692307 0.02403846153846154 0.14903846153846154
0 0.5889423076923077 0.8040865384615384 0.23076923076923078 0.1778846153846154
0 0.7451923076923077 0.125 0.21875 0.1778846153846154
0 0.921875 0.1778846153846154 0.15625 0.20673076923076922
0 0.12259615384615384 0.8401442307692307 0.23076923076923078 0.1875
0 0.5396634615384616 0.9254807692307693 0.2283653846153846 0.14903846153846154
0 0.7704326923076923 0.9543269230769231 0.22355769230769232 0.09134615384615384
0 0.1045673076923077 0.03485576923076923 0.04567307692307692 0.06971153846153846
0 0.24519230769230768 0.08052884615384616 0.22115384615384615 0.16105769230769232
0 0.7091346153846154 0.3112980769230769 0.24278846153846154 0.18269230769230768
0 0.9170673076923077 0.3701923076923077 0.1658653846153846 0.1971153846153846
0 0.23317307692307693 0.23677884615384615 0.2283653846153846 0.18269230769230768
0 0.07692307692307693 0.21995192307692307 0.08173076923076923 0.14182692307692307
0 0.8870192307692307 0.5144230769230769 0.22596153846153846 0.21634615384615385
0 0.203125 0.3858173076923077 0.23076923076923078 0.19230769230769232