1 0.6439379331123832 0.4552643470402169 0.2081440192829165 0.13239945774966108
0 0.03151250376619464 0.4699502937189336 0.06193431756553179 0.1211025756891098
0 0.8736396504971378 0.5951197469498418 0.20656523049111183 0.16357885223678265
0 0.6398734558601988 0.6023497514685947 0.20663151551672182 0.14188883868052418
0 0.025215426333232902 0.6057388160867601 0.050430852666465804 0.1351107094441934
0 0.15832780958119916 0.6113872571170357 0.18902078939439593 0.14188883868052418
0 0.42117203977101536 0.6253953908721193 0.1091051521542633 0.28739267962042475
0 0.18498945465501657 0.7645729778581112 0.191120819523953 0.1500225937641211
0 0.8721301596866525 0.771802982376864 0.22162699608315756 0.1464075915047447
0 0.02865320879783067 0.772028920018075 0.05319975896354323 0.14234071396294623
0 0.6499608315757758 0.7783551739719837 0.20814100632720697 0.13691821057388162
0 0.6627658933413678 0.08224130140081337 0.19458270563422717 0.14098508811568009
0 0.8878005423320278 0.087663804789878 0.21197649894546555 0.16629010393131496
0 0.20230792407351614 0.9112065070040669 0.20467008134980413 0.14957071848169906
0 0.6315878276589334 0.9272480795300497 0.20152154263332334 0.1455038409399006
0 0.8694245254594757 0.9306371441482151 0.1981259415486592 0.13872571170356982
0 0.0294335643266044 0.9396746497966562 0.0588671286532088 0.12065070040668775
0 0.013106357336547152 0.11161319475824673 0.026212714673094304 0.10031631269769543
0 0.16314853871648088 0.1412110257568911 0.19865923470924976 0.12788070492544057
0 0.6660771316661646 0.272028920018075 0.2192829165411269 0.14098508811568009
0 0.9068996685748719 0.2840036150022594 0.1862006628502561 0.16041572525982828
0 0.18363061163000904 0.298011748757343 0.20347092497740288 0.14324446452779033
0 0.027625790900873755 0.3136014460009037 0.05525158180174751 0.13375508359692725
0 0.8847845736667671 0.4326705829191143 0.19872853269056942 0.17758698599186626
0 0.18634227176860502 0.4500677812923633 0.20286833383549266 0.15363759602349752