1 0.6502403846153846 0.484375 0.2283653846153846 0.16826923076923078
0 0.04567307692307692 0.38100961538461536 0.08413461538461539 0.13221153846153846
0 0.8485576923076923 0.6646634615384616 0.23317307692307693 0.19951923076923078
0 0.6177884615384616 0.6274038461538461 0.23076923076923078 0.1778846153846154
0 0.026442307692307692 0.5144230769230769 0.052884615384615384 0.14423076923076922
0 0.14302884615384615 0.5444711538461539 0.21153846153846154 0.17548076923076922
0 0.39783653846153844 0.6069711538461539 0.16105769230769232 0.30288461538461536
0 0.140625 0.6995192307692307 0.21634615384615385 0.18509615384615385
0 0.8137019230769231 0.8377403846153846 0.24519230769230768 0.18509615384615385
0 0.013221153846153846 0.6766826923076923 0.026442307692307692 0.15144230769230768
0 0.59375 0.8028846153846154 0.23076923076923078 0.17307692307692307
0 0.7391826923076923 0.1201923076923077 0.21875 0.17548076923076922
0 0.9182692307692307 0.17067307692307693 0.15865384615384615 0.20673076923076922
0 0.12860576923076922 0.8461538461538461 0.2283653846153846 0.18509615384615385
0 0.546875 0.9254807692307693 0.2283653846153846 0.14423076923076922
0 0.7800480769230769 0.9519230769230769 0.22355769230769232 0.09134615384615384
0 0.09615384615384616 0.039663461538461536 0.04807692307692308 0.07932692307692307
0 0.23798076923076922 0.0829326923076923 0.21875 0.16346153846153846
0 0.7067307692307693 0.3076923076923077 0.2403846153846154 0.18028846153846154
0 0.9146634615384616 0.36538461538461536 0.1658653846153846 0.1971153846153846
0 0.2283653846153846 0.24158653846153846 0.22596153846153846 0.18028846153846154
0 0.07211538461538461 0.22716346153846154 0.07932692307692307 0.14182692307692307
0 0.8870192307692307 0.5084134615384616 0.22115384615384615 0.21394230769230768
0 0.20192307692307693 0.390625 0.2283653846153846 0.18990384615384615