0 0.10445977011494252 0.35993399339933996 0.08432183908045979 0.20336633663366338
1 0.45126436781609197 0.36468646864686466 0.055402298850574766 0.18313531353135318
1 0.7786666666666667 0.3674257425742574 0.06441379310344823 0.17237623762376234
1 0.7018160919540231 0.3705940594059406 0.04857471264367815 0.17132013201320132
1 0.9488965517241379 0.3711551155115511 0.05478160919540239 0.16389438943894388
1 0.20703448275862069 0.37396039603960396 0.07259770114942525 0.18191419141914192
0 0.35533333333333333 0.3779207920792079 0.0759540229885058 0.2334323432343234
1 0.28232183908045977 0.3818811881188119 0.04347126436781611 0.20188118811881184
1 0.5334252873563218 0.3822442244224422 0.051977011494252906 0.18521452145214523
1 0.03075862068965517 0.38386138613861387 0.04868965517241379 0.16871287128712872
1 0.8658620689655172 0.3915841584158416 0.05537931034482766 0.1593729372937294
0 0.6077011494252874 0.39686468646864687 0.06724137931034482 0.18234323432343233
0 0.8530804597701149 0.8450165016501651 0.055678160919540295 0.2205610561056106
0 0.9411264367816091 0.8462376237623763 0.05652873563218398 0.21478547854785482
0 0.4437931034482759 0.8542904290429044 0.08183908045977016 0.21851485148514854
1 0.03579310344827586 0.8606930693069308 0.04726436781609196 0.18590759075907595
0 0.10480459770114943 0.868085808580858 0.07494252873563217 0.19244224422442235
0 0.7568275862068966 0.8683168316831684 0.062091954022988484 0.19706270627062708
0 0.1889655172413793 0.8683828382838285 0.06827586206896549 0.23544554455445554
1 0.6142298850574712 0.8755445544554457 0.055287356321839044 0.18260726072607264
1 0.2789425287356322 0.8776897689768977 0.06399999999999997 0.1750165016501649
1 0.3784137931034483 0.8856435643564358 0.06039080459770111 0.18221122112211224
1 0.525816091954023 0.8866996699669968 0.050597701149425266 0.16363036303630368
1 0.68816091954023 0.8957755775577558 0.047678160919540254 0.16528052805280533
0 0.20590804597701148 0.12739273927392739 0.06802298850574713 0.2493729372937294
1 0.29726436781609195 0.12864686468646863 0.05308045977011492 0.19320132013201322
0 0.5204597701149425 0.13033003300330034 0.06645977011494258 0.22702970297029704
0 0.6886206896551724 0.13280528052805282 0.06388505747126429 0.21372937293729374
1 0.3741379310344828 0.13432343234323432 0.07172413793103445 0.2106930693069307
0 0.6127126436781608 0.1391089108910891 0.07436781609195407 0.2333993399339934
0 0.4475172413793103 0.1403960396039604 0.06857471264367812 0.2439273927392739
1 0.7828735632183909 0.1418811881188119 0.05597701149425292 0.20000000000000004
0 0.10857471264367816 0.1440924092409241 0.07119540229885057 0.20039603960396038
0 0.8622758620689654 0.14508250825082508 0.05236781609195396 0.20570957095709572
0 0.950183908045977 0.14963696369636964 0.060413793103448216 0.17188118811881184
0 0.032597701149425284 0.15191419141914192 0.06517241379310346 0.1632013201320132