0 0.9074519230769231 0.4014423076923077 0.10576923076923077 0.21153846153846154
1 0.5637019230769231 0.3701923076923077 0.07451923076923077 0.1875
1 0.23677884615384615 0.3389423076923077 0.08173076923076923 0.1778846153846154
1 0.3125 0.34975961538461536 0.06490384615384616 0.17548076923076922
1 0.0673076923076923 0.32572115384615385 0.07211538461538461 0.16826923076923078
1 0.8052884615384616 0.4050480769230769 0.09134615384615384 0.1875
1 0.7283653846153846 0.4050480769230769 0.06490384615384616 0.20432692307692307
1 0.47836538461538464 0.3798076923076923 0.06971153846153846 0.18990384615384615
1 0.9711538461538461 0.4338942307692308 0.052884615384615384 0.17548076923076922
1 0.14783653846153846 0.3545673076923077 0.07211538461538461 0.1658653846153846
0 0.4026442307692308 0.3858173076923077 0.08653846153846154 0.18990384615384615
0 0.640625 0.421875 0.06971153846153846 0.18028846153846154
0 0.11298076923076923 0.8064903846153846 0.07692307692307693 0.22596153846153846
0 0.03365384615384615 0.7980769230769231 0.0673076923076923 0.22115384615384615
0 0.8665865384615384 0.8894230769230769 0.07211538461538461 0.15865384615384615
0 0.5192307692307693 0.8581730769230769 0.10336538461538461 0.22596153846153846
1 0.9254807692307693 0.9050480769230769 0.0673076923076923 0.18509615384615385
0 0.20552884615384615 0.8389423076923077 0.08173076923076923 0.20192307692307693
1 0.3389423076923077 0.8605769230769231 0.057692307692307696 0.18509615384615385
0 0.7548076923076923 0.8918269230769231 0.09615384615384616 0.21153846153846154
1 0.6694711538461539 0.9038461538461539 0.06009615384615385 0.16826923076923078
1 0.5805288461538461 0.8966346153846154 0.07932692307692307 0.1875
1 0.4338942307692308 0.8822115384615384 0.0673076923076923 0.16826923076923078
1 0.2704326923076923 0.8737980769230769 0.06490384615384616 0.17067307692307693
1 0.25240384615384615 0.09134615384615384 0.057692307692307696 0.15384615384615385
0 0.9182692307692307 0.16947115384615385 0.06971153846153846 0.17067307692307693
1 0.7403846153846154 0.15144230769230768 0.07211538461538461 0.1971153846153846
0 0.17668269230769232 0.109375 0.07451923076923077 0.2091346153846154
0 0.421875 0.13581730769230768 0.07211538461538461 0.1971153846153846
0 0.5108173076923077 0.14783653846153846 0.07451923076923077 0.19471153846153846
0 0.0889423076923077 0.10336538461538461 0.07692307692307693 0.1778846153846154
0 0.9783653846153846 0.20432692307692307 0.038461538461538464 0.17307692307692307
0 0.8425480769230769 0.18629807692307693 0.06009615384615385 0.20192307692307693
0 0.33774038461538464 0.13822115384615385 0.0625 0.16826923076923078
1 0.6586538461538461 0.17307692307692307 0.08413461538461539 0.16826923076923078
0 0.5901442307692307 0.17908653846153846 0.07932692307692307 0.18509615384615385