0 0.8533653846153846 0.27403846153846156 0.12740384615384615 0.21634615384615385
1 0.5180288461538461 0.35697115384615385 0.09615384615384616 0.18990384615384615
1 0.19831730769230768 0.4338942307692308 0.10096153846153846 0.18269230769230768
1 0.27403846153846156 0.41947115384615385 0.08653846153846154 0.1778846153846154
1 0.040865384615384616 0.47596153846153844 0.08173076923076923 0.17307692307692307
1 0.7572115384615384 0.3112980769230769 0.11057692307692307 0.19230769230769232
1 0.6850961538461539 0.33653846153846156 0.08653846153846154 0.20673076923076922
1 0.4411057692307692 0.39302884615384615 0.09134615384615384 0.19230769230769232
1 0.9302884615384616 0.28125 0.08653846153846154 0.17548076923076922
1 0.1201923076923077 0.47716346153846156 0.0889423076923077 0.16826923076923078
0 0.3713942307692308 0.4230769230769231 0.10576923076923077 0.19230769230769232
0 0.6081730769230769 0.3798076923076923 0.0889423076923077 0.18269230769230768
0 0.23317307692307693 0.8990384615384616 0.10576923076923077 0.1971153846153846
0 0.14903846153846154 0.9110576923076923 0.10576923076923077 0.17307692307692307
0 0.9627403846153846 0.7487980769230769 0.06971153846153846 0.1658653846153846
0 0.6346153846153846 0.8329326923076923 0.12980769230769232 0.23076923076923078
0 0.3329326923076923 0.9050480769230769 0.10817307692307693 0.18509615384615385
1 0.4651442307692308 0.8930288461538461 0.07932692307692307 0.1875
0 0.8725961538461539 0.8016826923076923 0.1201923076923077 0.24519230769230768
1 0.7908653846153846 0.8257211538461539 0.07932692307692307 0.17067307692307693
1 0.7055288461538461 0.8485576923076923 0.0985576923076923 0.19230769230769232
1 0.5625 0.8822115384615384 0.08653846153846154 0.17067307692307693
1 0.40625 0.9194711538461539 0.08653846153846154 0.15625
1 0.13341346153846154 0.1935096153846154 0.07692307692307693 0.15625
0 0.7884615384615384 0.07091346153846154 0.09134615384615384 0.14182692307692307
1 0.6141826923076923 0.09735576923076923 0.0985576923076923 0.19471153846153846
0 0.0673076923076923 0.23557692307692307 0.0985576923076923 0.21153846153846154
0 0.3076923076923077 0.18028846153846154 0.09375 0.19951923076923078
0 0.3954326923076923 0.16346153846153846 0.09615384615384616 0.1971153846153846
0 0.015625 0.25961538461538464 0.03125 0.18269230769230768
0 0.8774038461538461 0.0733173076923077 0.10096153846153846 0.1466346153846154
0 0.7211538461538461 0.09735576923076923 0.08653846153846154 0.19471153846153846
0 0.2283653846153846 0.21153846153846154 0.07932692307692307 0.17067307692307693
1 0.5432692307692307 0.13942307692307693 0.10336538461538461 0.17307692307692307
0 0.4807692307692308 0.16706730769230768 0.0985576923076923 0.18990384615384615