0 0.08413461538461539 0.44471153846153844 0.125 0.21634615384615385
1 0.4230769230769231 0.37740384615384615 0.09134615384615384 0.18990384615384615
1 0.7451923076923077 0.3125 0.0985576923076923 0.18269230769230768
1 0.6706730769230769 0.33052884615384615 0.08173076923076923 0.1778846153846154
1 0.9122596153846154 0.28125 0.0889423076923077 0.17067307692307693
1 0.1875 0.4375 0.10817307692307693 0.19230769230769232
0 0.3329326923076923 0.4098557692307692 0.12259615384615384 0.24278846153846154
1 0.26322115384615385 0.43028846153846156 0.08413461538461539 0.20673076923076922
1 0.5084134615384616 0.37740384615384615 0.0889423076923077 0.19230769230769232
1 0.028846153846153848 0.48197115384615385 0.057692307692307696 0.17548076923076922
1 0.8353365384615384 0.31850961538461536 0.08653846153846154 0.16826923076923078
0 0.5841346153846154 0.3762019230769231 0.10336538461538461 0.19230769230769232
0 0.9170673076923077 0.7644230769230769 0.10096153846153846 0.2283653846153846
0 0.9759615384615384 0.7451923076923077 0.04807692307692308 0.22115384615384615
0 0.5180288461538461 0.8581730769230769 0.125 0.23076923076923078
1 0.12139423076923077 0.9266826923076923 0.08413461538461539 0.1466346153846154
0 0.18870192307692307 0.9194711538461539 0.11298076923076923 0.16105769230769232
0 0.828125 0.8064903846153846 0.10096153846153846 0.20673076923076922
0 0.27163461538461536 0.9002403846153846 0.11538461538461539 0.19951923076923078
1 0.6899038461538461 0.8425480769230769 0.09134615384615384 0.18990384615384615
1 0.36177884615384615 0.9110576923076923 0.0985576923076923 0.1778846153846154
1 0.46153846153846156 0.9026442307692307 0.09615384615384616 0.19230769230769232
1 0.6045673076923077 0.8737980769230769 0.08413461538461539 0.17067307692307693
1 0.7668269230769231 0.8473557692307693 0.08173076923076923 0.17307692307692307
0 0.1346153846153846 0.1971153846153846 0.11778846153846154 0.25721153846153844
1 0.22355769230769232 0.17908653846153846 0.09134615384615384 0.19951923076923078
0 0.44350961538461536 0.13341346153846154 0.11298076923076923 0.23557692307692307
0 0.6081730769230769 0.10576923076923077 0.10576923076923077 0.21153846153846154
1 0.3004807692307692 0.16826923076923078 0.11538461538461539 0.22115384615384615
0 0.5360576923076923 0.12379807692307693 0.1201923076923077 0.24278846153846154
0 0.3737980769230769 0.15985576923076922 0.11778846153846154 0.25240384615384615
1 0.7019230769230769 0.09735576923076923 0.09615384615384616 0.19471153846153846
0 0.04927884615384615 0.23317307692307693 0.0985576923076923 0.21153846153846154
0 0.7800480769230769 0.09134615384615384 0.09375 0.18269230769230768
0 0.8665865384615384 0.07572115384615384 0.09375 0.15144230769230768