0 0.08173076923076923 0.46634615384615385 0.1346153846153846 0.21875
1 0.4170673076923077 0.38100961538461536 0.10096153846153846 0.18990384615384615
1 0.7355769230769231 0.3004807692307692 0.10817307692307693 0.18269230769230768
1 0.6610576923076923 0.32211538461538464 0.09134615384615384 0.1778846153846154
1 0.9002403846153846 0.25961538461538464 0.09615384615384616 0.17307692307692307
1 0.18389423076923078 0.4543269230769231 0.11778846153846154 0.19471153846153846
0 0.3293269230769231 0.41947115384615385 0.1346153846153846 0.24519230769230768
1 0.25961538461538464 0.4423076923076923 0.09375 0.20673076923076922
1 0.5024038461538461 0.37740384615384615 0.0985576923076923 0.19230769230769232
1 0.03125 0.5084134615384616 0.0625 0.17548076923076922
1 0.8245192307692307 0.3004807692307692 0.09375 0.16826923076923078
0 0.578125 0.37259615384615385 0.11298076923076923 0.19471153846153846
0 0.9302884615384616 0.7415865384615384 0.11057692307692307 0.2283653846153846
0 0.9795673076923077 0.7199519230769231 0.040865384615384616 0.22355769230769232
0 0.5372596153846154 0.8569711538461539 0.1346153846153846 0.23317307692307693
1 0.14543269230769232 0.9362980769230769 0.09375 0.12740384615384615
0 0.2127403846153846 0.9278846153846154 0.12259615384615384 0.14423076923076922
0 0.84375 0.7884615384615384 0.11057692307692307 0.20673076923076922
0 0.29447115384615385 0.90625 0.12740384615384615 0.1875
1 0.7079326923076923 0.8329326923076923 0.10096153846153846 0.18990384615384615
1 0.38461538461538464 0.9146634615384616 0.10576923076923077 0.17067307692307693
1 0.4831730769230769 0.9038461538461539 0.10576923076923077 0.19230769230769232
1 0.625 0.8677884615384616 0.09134615384615384 0.17067307692307693
1 0.7848557692307693 0.8329326923076923 0.0889423076923077 0.17307692307692307
0 0.11899038461538461 0.21634615384615385 0.12980769230769232 0.25721153846153844
1 0.20793269230769232 0.1935096153846154 0.10096153846153846 0.19951923076923078
0 0.42427884615384615 0.13701923076923078 0.12259615384615384 0.23557692307692307
0 0.5853365384615384 0.10336538461538461 0.11778846153846154 0.20673076923076922
1 0.28365384615384615 0.18028846153846154 0.125 0.22115384615384615
0 0.515625 0.12259615384615384 0.13221153846153846 0.24519230769230768
0 0.3557692307692308 0.16706730769230768 0.12980769230769232 0.25240384615384615
1 0.6802884615384616 0.09134615384615384 0.10576923076923077 0.18269230769230768
0 0.04447115384615385 0.25721153846153844 0.0889423076923077 0.21153846153846154
0 0.7560096153846154 0.08413461538461539 0.10336538461538461 0.16826923076923078
0 0.8449519230769231 0.0673076923076923 0.10336538461538461 0.1346153846153846