0 0.8569711538461539 0.2800480769230769 0.125 0.21634615384615385
1 0.5204326923076923 0.35697115384615385 0.09134615384615384 0.18990384615384615
1 0.19951923076923078 0.42908653846153844 0.0985576923076923 0.18269230769230768
1 0.27524038461538464 0.41466346153846156 0.08173076923076923 0.1778846153846154
1 0.039663461538461536 0.4675480769230769 0.07932692307692307 0.17067307692307693
1 0.7608173076923077 0.3161057692307692 0.10817307692307693 0.19230769230769232
0 0.6153846153846154 0.34975961538461536 0.12259615384615384 0.24278846153846154
1 0.6887019230769231 0.3401442307692308 0.08413461538461539 0.20673076923076922
1 0.4423076923076923 0.3918269230769231 0.0889423076923077 0.19230769230769232
1 0.9338942307692307 0.28846153846153844 0.08413461538461539 0.17548076923076922
1 0.1201923076923077 0.4699519230769231 0.08653846153846154 0.16826923076923078
0 0.37259615384615385 0.421875 0.10336538461538461 0.19230769230769232
0 0.22596153846153846 0.8978365384615384 0.10096153846153846 0.20432692307692307
0 0.13942307692307693 0.9098557692307693 0.10096153846153846 0.18028846153846154
0 0.6286057692307693 0.8353365384615384 0.125 0.23076923076923078
0 0.953125 0.7776442307692307 0.09375 0.20432692307692307
0 0.3245192307692308 0.9050480769230769 0.10096153846153846 0.18990384615384615
0 0.8810096153846154 0.7944711538461539 0.11538461538461539 0.24519230769230768
1 0.46634615384615385 0.890625 0.09134615384615384 0.18990384615384615
1 0.7944711538461539 0.8233173076923077 0.0985576923076923 0.18509615384615385
1 0.6995192307692307 0.8521634615384616 0.09615384615384616 0.19230769230769232
1 0.5552884615384616 0.8834134615384616 0.08413461538461539 0.17067307692307693
1 0.39663461538461536 0.9194711538461539 0.08173076923076923 0.16105769230769232
0 0.7103365384615384 0.10096153846153846 0.11778846153846154 0.20192307692307693
1 0.6201923076923077 0.09735576923076923 0.09134615384615384 0.19471153846153846
0 0.4026442307692308 0.14182692307692307 0.11298076923076923 0.23557692307692307
0 0.23918269230769232 0.17908653846153846 0.10576923076923077 0.22355769230769232
1 0.5480769230769231 0.11658653846153846 0.11538461538461539 0.22115384615384615
0 0.31490384615384615 0.17067307692307693 0.1201923076923077 0.24278846153846154
0 0.47716346153846156 0.13701923076923078 0.11778846153846154 0.25240384615384615
1 0.14903846153846154 0.20793269230769232 0.09615384615384616 0.20673076923076922
0 0.8076923076923077 0.08774038461538461 0.11057692307692307 0.17548076923076922
0 0.07211538461538461 0.2283653846153846 0.09375 0.21153846153846154
0 0.015625 0.24879807692307693 0.03125 0.18028846153846154
0 0.8834134615384616 0.0733173076923077 0.0985576923076923 0.1466346153846154