0 0.042067307692307696 0.2932692307692308 0.08413461538461539 0.1875
0 0.25600961538461536 0.2704326923076923 0.07211538461538461 0.1971153846153846
0 0.7548076923076923 0.21033653846153846 0.06009615384615385 0.21153846153846154
0 0.5901442307692307 0.23197115384615385 0.0673076923076923 0.15865384615384615
1 0.09254807692307693 0.29447115384615385 0.0673076923076923 0.1658653846153846
0 0.3641826923076923 0.2608173076923077 0.0673076923076923 0.21634615384615385
0 0.3112980769230769 0.2692307692307692 0.08413461538461539 0.21153846153846154
1 0.14903846153846154 0.2932692307692308 0.0625 0.18269230769230768
0 0.6418269230769231 0.23317307692307693 0.0673076923076923 0.17307692307692307
1 0.6995192307692307 0.23076923076923078 0.057692307692307696 0.1201923076923077
1 0.20192307692307693 0.29447115384615385 0.06490384615384616 0.15865384615384615
0 0.8629807692307693 0.21634615384615385 0.06009615384615385 0.1466346153846154
1 0.8052884615384616 0.22596153846153846 0.0625 0.15865384615384615
1 0.42908653846153844 0.27403846153846156 0.0625 0.15865384615384615
1 0.5372596153846154 0.2644230769230769 0.0673076923076923 0.15625
1 0.9242788461538461 0.21634615384615385 0.04807692307692308 0.12980769230769232
1 0.48197115384615385 0.27163461538461536 0.0625 0.14423076923076922
0 0.5144230769230769 0.6586538461538461 0.06490384615384616 0.19471153846153846
0 0.2764423076923077 0.6947115384615384 0.06490384615384616 0.19230769230769232
1 0.8125 0.6298076923076923 0.052884615384615384 0.14423076923076922
1 0.6995192307692307 0.6574519230769231 0.052884615384615384 0.1466346153846154
0 0.6334134615384616 0.6670673076923077 0.04807692307692308 0.13942307692307693
1 0.15985576923076922 0.7247596153846154 0.0625 0.1778846153846154
1 0.5757211538461539 0.6742788461538461 0.057692307692307696 0.13701923076923078
1 0.8701923076923077 0.6394230769230769 0.055288461538461536 0.15144230769230768
1 0.9771634615384616 0.625 0.040865384615384616 0.15384615384615385
1 0.21875 0.7211538461538461 0.06009615384615385 0.15384615384615385
1 0.7536057692307693 0.6574519230769231 0.057692307692307696 0.14423076923076922
1 0.4579326923076923 0.6959134615384616 0.0673076923076923 0.15625
0 0.9399038461538461 0.6370192307692307 0.08653846153846154 0.2091346153846154
0 0.3449519230769231 0.7127403846153846 0.07692307692307693 0.1778846153846154
1 0.4050480769230769 0.7079326923076923 0.06490384615384616 0.14423076923076922
0 0.22355769230769232 0.9026442307692307 0.08173076923076923 0.18269230769230768
0 0.16826923076923078 0.9158653846153846 0.0673076923076923 0.16346153846153846
1 0.3004807692307692 0.9002403846153846 0.0625 0.19471153846153846
0 0.6694711538461539 0.8605769230769231 0.052884615384615384 0.15625
1 0.9110576923076923 0.8353365384615384 0.0673076923076923 0.16826923076923078
1 0.421875 0.8954326923076923 0.0625 0.17548076923076922
1 0.6057692307692307 0.875 0.06490384615384616 0.17307692307692307
0 0.8473557692307693 0.8461538461538461 0.09134615384615384 0.1971153846153846
1 0.5396634615384616 0.8834134615384616 0.0673076923076923 0.15384615384615385
1 0.7872596153846154 0.8569711538461539 0.06009615384615385 0.14423076923076922
1 0.48677884615384615 0.8942307692307693 0.055288461538461536 0.17548076923076922
0 0.9639423076923077 0.8425480769230769 0.0673076923076923 0.18990384615384615
1 0.7247596153846154 0.875 0.07451923076923077 0.18509615384615385
0 0.3557692307692308 0.9122596153846154 0.08653846153846154 0.17067307692307693