0 0.14783653846153846 0.1346153846153846 0.11538461538461539 0.18990384615384615
0 0.359375 0.19591346153846154 0.09615384615384616 0.19951923076923078
0 0.8449519230769231 0.3269230769230769 0.08653846153846154 0.21153846153846154
0 0.6838942307692307 0.2860576923076923 0.08653846153846154 0.16346153846153846
1 0.19831730769230768 0.15625 0.08653846153846154 0.16826923076923078
0 0.4639423076923077 0.22716346153846154 0.09615384615384616 0.21875
0 0.41225961538461536 0.21514423076923078 0.11057692307692307 0.21394230769230768
1 0.2512019230769231 0.17668269230769232 0.08653846153846154 0.18269230769230768
0 0.7307692307692307 0.30528846153846156 0.09134615384615384 0.17548076923076922
1 0.7860576923076923 0.32572115384615385 0.07211538461538461 0.12259615384615384
1 0.3004807692307692 0.19831730769230768 0.08413461538461539 0.15865384615384615
0 0.9423076923076923 0.3737980769230769 0.07932692307692307 0.14903846153846154
1 0.8858173076923077 0.3605769230769231 0.08173076923076923 0.16105769230769232
1 0.5180288461538461 0.26322115384615385 0.08173076923076923 0.16105769230769232
1 0.6237980769230769 0.2956730769230769 0.08653846153846154 0.15865384615384615
1 0.9819711538461539 0.39663461538461536 0.03125 0.1346153846153846
1 0.5685096153846154 0.2824519230769231 0.08173076923076923 0.1466346153846154
0 0.4543269230769231 0.6526442307692307 0.09134615384615384 0.19471153846153846
0 0.21995192307692307 0.5961538461538461 0.09134615384615384 0.19230769230769232
1 0.7415865384615384 0.7379807692307693 0.07211538461538461 0.1466346153846154
1 0.6262019230769231 0.7199519230769231 0.07211538461538461 0.14903846153846154
0 0.5612980769230769 0.7043269230769231 0.0673076923076923 0.13942307692307693
1 0.09975961538461539 0.5805288461538461 0.08653846153846154 0.18028846153846154
1 0.5048076923076923 0.6899038461538461 0.07451923076923077 0.13942307692307693
1 0.7908653846153846 0.7680288461538461 0.07451923076923077 0.15144230769230768
1 0.9050480769230769 0.7992788461538461 0.07932692307692307 0.15384615384615385
1 0.15625 0.5997596153846154 0.07932692307692307 0.15625
1 0.6754807692307693 0.7415865384615384 0.07451923076923077 0.14423076923076922
1 0.3870192307692308 0.6646634615384616 0.08653846153846154 0.15865384615384615
0 0.8557692307692307 0.7920673076923077 0.11298076923076923 0.21153846153846154
0 0.2764423076923077 0.6394230769230769 0.10096153846153846 0.18028846153846154
1 0.33413461538461536 0.6574519230769231 0.08173076923076923 0.1466346153846154
0 0.09254807692307693 0.7692307692307693 0.10336538461538461 0.1875
0 0.039663461538461536 0.7644230769230769 0.07932692307692307 0.17307692307692307
1 0.1622596153846154 0.7980769230769231 0.08653846153846154 0.19951923076923078
0 0.5216346153846154 0.8978365384615384 0.07211538461538461 0.15625
1 0.7548076923076923 0.9387019230769231 0.09134615384615384 0.11778846153846154
1 0.27884615384615385 0.8377403846153846 0.08413461538461539 0.17548076923076922
1 0.4579326923076923 0.8870192307692307 0.08653846153846154 0.17307692307692307
0 0.6935096153846154 0.9230769230769231 0.11778846153846154 0.14903846153846154
1 0.39302884615384615 0.8713942307692307 0.08653846153846154 0.15625
1 0.6334134615384616 0.9314903846153846 0.07932692307692307 0.13221153846153846
1 0.3401442307692308 0.8605769230769231 0.07932692307692307 0.17548076923076922
1 0.8641826923076923 0.9651442307692307 0.06971153846153846 0.06490384615384616
0 0.8088942307692307 0.9483173076923077 0.10817307692307693 0.0985576923076923
1 0.5685096153846154 0.9182692307692307 0.0985576923076923 0.15865384615384615
0 0.20793269230769232 0.8401442307692307 0.10817307692307693 0.1971153846153846