0 0.037259615384615384 0.33533653846153844 0.07451923076923077 0.18990384615384615
0 0.23677884615384615 0.2932692307692308 0.0889423076923077 0.19951923076923078
0 0.7283653846153846 0.18990384615384615 0.07692307692307693 0.21153846153846154
0 0.5673076923076923 0.2247596153846154 0.08173076923076923 0.16346153846153846
1 0.07572115384615384 0.33052884615384615 0.07932692307692307 0.1658653846153846
0 0.34375 0.27403846153846156 0.08653846153846154 0.21875
0 0.2920673076923077 0.2860576923076923 0.10096153846153846 0.21394230769230768
1 0.13221153846153846 0.3245192307692308 0.07692307692307693 0.18269230769230768
0 0.6177884615384616 0.22235576923076922 0.08173076923076923 0.1778846153846154
1 0.6754807692307693 0.21394230769230768 0.0673076923076923 0.12259615384615384
1 0.18509615384615385 0.32091346153846156 0.07692307692307693 0.15865384615384615
0 0.8365384615384616 0.18629807692307693 0.07211538461538461 0.14903846153846154
1 0.7800480769230769 0.20072115384615385 0.07692307692307693 0.16105769230769232
1 0.40865384615384615 0.28125 0.07692307692307693 0.16105769230769232
1 0.5168269230769231 0.2620192307692308 0.07932692307692307 0.15865384615384615
1 0.8978365384615384 0.18028846153846154 0.057692307692307696 0.13221153846153846
1 0.46153846153846156 0.27403846153846156 0.07451923076923077 0.1466346153846154
0 0.5288461538461539 0.6574519230769231 0.08173076923076923 0.19471153846153846
0 0.29447115384615385 0.7127403846153846 0.08173076923076923 0.19471153846153846
1 0.8233173076923077 0.6021634615384616 0.06490384615384616 0.1466346153846154
1 0.7127403846153846 0.6394230769230769 0.06490384615384616 0.14903846153846154
0 0.6466346153846154 0.6538461538461539 0.06009615384615385 0.14182692307692307
1 0.18028846153846154 0.7536057692307693 0.07692307692307693 0.18028846153846154
1 0.5913461538461539 0.6670673076923077 0.0673076923076923 0.13942307692307693
1 0.8810096153846154 0.6069711538461539 0.0673076923076923 0.15144230769230768
1 0.9795673076923077 0.5829326923076923 0.036057692307692304 0.15625
1 0.23918269230769232 0.7451923076923077 0.07451923076923077 0.15625
1 0.765625 0.6346153846153846 0.0673076923076923 0.14423076923076922
1 0.47475961538461536 0.6983173076923077 0.07932692307692307 0.15865384615384615
0 0.9471153846153846 0.5997596153846154 0.10096153846153846 0.21394230769230768
0 0.3641826923076923 0.7259615384615384 0.09134615384615384 0.18028846153846154
1 0.42427884615384615 0.7151442307692307 0.07692307692307693 0.1466346153846154
0 0.2608173076923077 0.9146634615384616 0.0985576923076923 0.1658653846153846
0 0.20673076923076922 0.9278846153846154 0.08173076923076923 0.13942307692307693
1 0.33413461538461536 0.9074519230769231 0.07692307692307693 0.18028846153846154
0 0.6995192307692307 0.8449519230769231 0.06490384615384616 0.15865384615384615
1 0.9387019230769231 0.7992788461538461 0.08173076923076923 0.17067307692307693
1 0.4567307692307692 0.9014423076923077 0.07692307692307693 0.1778846153846154
1 0.6370192307692307 0.8641826923076923 0.07932692307692307 0.17307692307692307
0 0.8762019230769231 0.8149038461538461 0.10576923076923077 0.20192307692307693
1 0.5733173076923077 0.8786057692307693 0.07932692307692307 0.15625
1 0.8173076923076923 0.8305288461538461 0.07211538461538461 0.14423076923076922
1 0.5204326923076923 0.8942307692307693 0.06971153846153846 0.17307692307692307
0 0.9735576923076923 0.8004807692307693 0.04807692307692308 0.19230769230769232
1 0.7572115384615384 0.8545673076923077 0.0889423076923077 0.1875
0 0.3942307692307692 0.9170673076923077 0.10096153846153846 0.16105769230769232