0 0.06512040557667935 0.23758771929824563 0.07106463878326998 0.17532894736842103
0 0.28631178707224336 0.24278508771929827 0.048694550063371374 0.1936842105263158
0 0.7881622306717364 0.24458333333333335 0.035297845373890885 0.2092324561403509
0 0.6220278833967047 0.2457675438596491 0.049543726235741485 0.15578947368421056
1 0.12007604562737642 0.24635964912280703 0.04574144486692016 0.16098684210526318
0 0.3947275031685678 0.24697368421052632 0.041977186311787075 0.21403508771929827
0 0.34103929024081114 0.24736842105263154 0.059049429657794715 0.20684210526315785
1 0.1761723700887199 0.2525438596491228 0.04043092522179974 0.1773464912280702
0 0.6731812420785804 0.2529385964912281 0.048643852978453805 0.1701535087719298
1 0.7307858048162231 0.257719298245614 0.04404309252217997 0.11592105263157891
1 0.22963244613434727 0.26010964912280704 0.04594423320659062 0.15260964912280703
0 0.8941444866920152 0.2633114035087719 0.04455006337135626 0.14304824561403512
1 0.8369961977186312 0.2653070175438596 0.043941698352344835 0.15502192982456137
1 0.4570468948035488 0.26710526315789473 0.044499366286438545 0.15460526315789477
1 0.5656907477820026 0.269890350877193 0.049302915082382735 0.15221491228070172
1 0.9554372623574144 0.27028508771929827 0.032585551330798525 0.12910087719298247
1 0.5097084917617237 0.27149122807017545 0.0460583016476553 0.1394517543859649
0 0.4946134347275032 0.6595614035087719 0.04168567807351076 0.18993421052631582
0 0.25509505703422053 0.6657456140350877 0.04370088719898608 0.19035087719298235
1 0.7943726235741445 0.6675219298245614 0.03704689480354882 0.14208333333333326
1 0.679277566539924 0.6807017543859648 0.03499366286438517 0.1444736842105263
0 0.6118884664131812 0.6810964912280701 0.032953105196451206 0.1373026315789474
1 0.13458808618504436 0.6816885964912281 0.042509505703422046 0.17440789473684204
1 0.5545120405576679 0.6830921052631579 0.04125475285171097 0.13331140350877185
1 0.850595690747782 0.684078947368421 0.03887198986058311 0.1472807017543859
1 0.9692522179974652 0.684078947368421 0.04115335868187583 0.1472807017543859
1 0.19391634980988592 0.6856798245614035 0.04365019011406844 0.15046052631578952
1 0.7322813688212928 0.6880701754385965 0.03959442332065907 0.13929824561403506
1 0.43423320659062103 0.6882675438596492 0.04958174904942966 0.1516666666666666
0 0.9189100126742712 0.6898684210526316 0.06258555133079861 0.2027192982456139
0 0.31926489226869453 0.6924561403508772 0.05591888466413178 0.17201754385964924
1 0.3805576679340938 0.6942543859649123 0.048212927756653944 0.13971491228070185
0 0.17722433460076048 0.8659649122807017 0.06119138149556402 0.17609649122807008
0 0.11949302915082383 0.8745394736842106 0.046894803548795945 0.16532894736842102
1 0.25072243346007606 0.875328947368421 0.035107731305449925 0.19883771929824554
0 0.6242205323193917 0.8787280701754385 0.03365019011406838 0.15377192982456142
1 0.866958174904943 0.8835087719298246 0.04854245880861845 0.16335526315789475
1 0.3742205323193916 0.8839035087719298 0.042446134347275045 0.17212719298245616
1 0.5588973384030419 0.8851096491228071 0.0453992395437263 0.16653508771929837
0 0.8029024081115336 0.8855043859649123 0.06792141951837759 0.19127192982456145
1 0.49310519645120404 0.8860964912280702 0.049797211660329486 0.14859649122807014
1 0.7412674271229405 0.8892763157894736 0.043738910012674256 0.1390131578947368
1 0.4381622306717364 0.889298245614035 0.034372623574144494 0.17092105263157906
1 0.9829784537389101 0.8902850877192983 0.034030418250950455 0.13701754385964915
0 0.9272116603295311 0.8976754385964911 0.06074778200253494 0.17971491228070186
1 0.6773257287705956 0.9002631578947368 0.051825095057034344 0.18089912280701756
0 0.3056653992395437 0.9042543859649123 0.059746514575411934 0.1888815789473684