0 0.9579326923076923 0.30288461538461536 0.07932692307692307 0.1875
0 0.7475961538461539 0.27524038461538464 0.07451923076923077 0.1971153846153846
0 0.25 0.20673076923076922 0.0625 0.21153846153846154
0 0.41346153846153844 0.23076923076923078 0.06971153846153846 0.16105769230769232
1 0.9110576923076923 0.3016826923076923 0.06971153846153846 0.1658653846153846
0 0.640625 0.26322115384615385 0.07211538461538461 0.21875
0 0.6923076923076923 0.27163461538461536 0.08653846153846154 0.21394230769230768
1 0.8545673076923077 0.29927884615384615 0.06490384615384616 0.18269230769230768
0 0.3629807692307692 0.23076923076923078 0.07211538461538461 0.17548076923076922
1 0.30528846153846156 0.22716346153846154 0.06009615384615385 0.1201923076923077
1 0.8016826923076923 0.29927884615384615 0.0673076923076923 0.15865384615384615
0 0.14302884615384615 0.21033653846153846 0.0625 0.1466346153846154
1 0.19951923076923078 0.22115384615384615 0.06490384615384616 0.16105769230769232
1 0.5757211538461539 0.27524038461538464 0.06490384615384616 0.15865384615384615
1 0.46634615384615385 0.26322115384615385 0.06971153846153846 0.15865384615384615
1 0.08052884615384616 0.2091346153846154 0.05048076923076923 0.13221153846153846
1 0.5228365384615384 0.27283653846153844 0.06490384615384616 0.14423076923076922
0 0.48197115384615385 0.6586538461538461 0.06971153846153846 0.19471153846153846
0 0.7199519230769231 0.6983173076923077 0.06971153846153846 0.19230769230769232
1 0.18509615384615385 0.625 0.055288461538461536 0.1466346153846154
1 0.2980769230769231 0.6538461538461539 0.055288461538461536 0.1466346153846154
0 0.3641826923076923 0.6646634615384616 0.05048076923076923 0.13942307692307693
1 0.8365384615384616 0.7307692307692307 0.0673076923076923 0.18028846153846154
1 0.4206730769230769 0.6730769230769231 0.06009615384615385 0.13942307692307693
1 0.12740384615384615 0.6334134615384616 0.057692307692307696 0.15144230769230768
1 0.021634615384615384 0.6177884615384616 0.04326923076923077 0.15384615384615385
1 0.7776442307692307 0.7259615384615384 0.0625 0.15384615384615385
1 0.2439903846153846 0.6538461538461539 0.06009615384615385 0.14423076923076922
1 0.5396634615384616 0.6959134615384616 0.06971153846153846 0.15625
0 0.057692307692307696 0.6298076923076923 0.0889423076923077 0.2091346153846154
0 0.6514423076923077 0.7151442307692307 0.08173076923076923 0.1778846153846154
1 0.5901442307692307 0.7091346153846154 0.0673076923076923 0.14423076923076922
0 0.7692307692307693 0.90625 0.08413461538461539 0.18509615384615385
0 0.8245192307692307 0.9182692307692307 0.07211538461538461 0.15865384615384615
1 0.6959134615384616 0.9014423076923077 0.06490384615384616 0.19230769230769232
0 0.3245192307692308 0.8581730769230769 0.055288461538461536 0.15625
1 0.08413461538461539 0.828125 0.06971153846153846 0.16826923076923078
1 0.5721153846153846 0.8978365384615384 0.06490384615384616 0.17548076923076922
1 0.38822115384615385 0.8725961538461539 0.06971153846153846 0.17307692307692307
0 0.1466346153846154 0.8401442307692307 0.09375 0.1971153846153846
1 0.453125 0.8834134615384616 0.06971153846153846 0.15384615384615385
1 0.20673076923076922 0.8521634615384616 0.0625 0.14423076923076922
1 0.5060096153846154 0.8942307692307693 0.06009615384615385 0.17548076923076922
0 0.03245192307692308 0.8353365384615384 0.06490384615384616 0.18990384615384615
1 0.26802884615384615 0.8713942307692307 0.07692307692307693 0.1875
0 0.6382211538461539 0.9134615384615384 0.0889423076923077 0.16826923076923078