0 0.056490384615384616 0.2536057692307692 0.07692307692307693 0.1778846153846154
0 0.2776442307692308 0.25 0.055288461538461536 0.19471153846153846
0 0.7788461538461539 0.234375 0.04326923076923077 0.2091346153846154
0 0.6141826923076923 0.24158653846153846 0.055288461538461536 0.15865384615384615
1 0.11177884615384616 0.25961538461538464 0.05048076923076923 0.16346153846153846
0 0.3858173076923077 0.25 0.05048076923076923 0.21634615384615385
0 0.3329326923076923 0.2536057692307692 0.06490384615384616 0.2091346153846154
1 0.16826923076923078 0.2644230769230769 0.04807692307692308 0.18028846153846154
0 0.6646634615384616 0.24639423076923078 0.052884615384615384 0.17307692307692307
1 0.7223557692307693 0.24879807692307693 0.04807692307692308 0.11778846153846154
1 0.22115384615384615 0.2692307692307692 0.05048076923076923 0.15384615384615385
0 0.8858173076923077 0.25 0.05048076923076923 0.14423076923076922
1 0.828125 0.2536057692307692 0.05048076923076923 0.15625
1 0.4483173076923077 0.26802884615384615 0.05048076923076923 0.15625
1 0.5576923076923077 0.26802884615384615 0.055288461538461536 0.15384615384615385
1 0.9471153846153846 0.2548076923076923 0.036057692307692304 0.12980769230769232
1 0.5012019230769231 0.27163461538461536 0.05048076923076923 0.14182692307692307
0 0.5012019230769231 0.6598557692307693 0.04807692307692308 0.19230769230769232
0 0.2608173076923077 0.6742788461538461 0.05048076923076923 0.19230769230769232
1 0.8004807692307693 0.65625 0.04326923076923077 0.14423076923076922
1 0.6850961538461539 0.6742788461538461 0.040865384615384616 0.14423076923076922
0 0.6177884615384616 0.6778846153846154 0.036057692307692304 0.13701923076923078
1 0.140625 0.6947115384615384 0.04807692307692308 0.17548076923076922
1 0.5600961538461539 0.6802884615384616 0.04567307692307692 0.1346153846153846
1 0.8569711538461539 0.671875 0.04326923076923077 0.14903846153846154
1 0.9747596153846154 0.6670673076923077 0.04567307692307692 0.14903846153846154
1 0.20072115384615385 0.6959134615384616 0.04807692307692308 0.15144230769230768
1 0.7379807692307693 0.6790865384615384 0.04567307692307692 0.14182692307692307
1 0.4411057692307692 0.6911057692307693 0.055288461538461536 0.15384615384615385
0 0.9254807692307693 0.6754807692307693 0.06971153846153846 0.20432692307692307
0 0.3269230769230769 0.6983173076923077 0.0625 0.17307692307692307
1 0.38822115384615385 0.6983173076923077 0.052884615384615384 0.14182692307692307
0 0.18990384615384615 0.8762019230769231 0.0673076923076923 0.1778846153846154
0 0.13221153846153846 0.8882211538461539 0.052884615384615384 0.16826923076923078
1 0.2644230769230769 0.8834134615384616 0.040865384615384616 0.19951923076923078
0 0.6370192307692307 0.8737980769230769 0.038461538461538464 0.15384615384615385
1 0.8798076923076923 0.8701923076923077 0.052884615384615384 0.1658653846153846
1 0.3870192307692308 0.8870192307692307 0.04807692307692308 0.17307692307692307
1 0.5721153846153846 0.8822115384615384 0.05048076923076923 0.16826923076923078
0 0.8161057692307693 0.875 0.07451923076923077 0.19230769230769232
1 0.5060096153846154 0.8858173076923077 0.055288461538461536 0.15144230769230768
1 0.7548076923076923 0.8810096153846154 0.04807692307692308 0.14182692307692307
1 0.4519230769230769 0.8918269230769231 0.040865384615384616 0.17067307692307693
1 0.9867788461538461 0.8762019230769231 0.021634615384615384 0.14182692307692307
0 0.9399038461538461 0.8822115384615384 0.0673076923076923 0.18269230769230768
1 0.6923076923076923 0.8942307692307693 0.057692307692307696 0.18269230769230768
0 0.32091346153846156 0.90625 0.06971153846153846 0.18269230769230768