0 0.9483173076923077 0.2608173076923077 0.07932692307692307 0.1778846153846154
0 0.7271634615384616 0.2548076923076923 0.06009615384615385 0.19471153846153846
0 0.2247596153846154 0.22956730769230768 0.04567307692307692 0.21153846153846154
0 0.390625 0.23918269230769232 0.057692307692307696 0.15865384615384615
1 0.8930288461538461 0.2668269230769231 0.052884615384615384 0.16346153846153846
0 0.6189903846153846 0.25240384615384615 0.052884615384615384 0.21634615384615385
0 0.671875 0.25600961538461536 0.06971153846153846 0.2091346153846154
1 0.8353365384615384 0.2692307692307692 0.05048076923076923 0.18028846153846154
0 0.3401442307692308 0.2439903846153846 0.057692307692307696 0.17307692307692307
1 0.2824519230769231 0.24519230769230768 0.05048076923076923 0.11778846153846154
1 0.7824519230769231 0.27403846153846156 0.052884615384615384 0.15384615384615385
0 0.11899038461538461 0.24278846153846154 0.052884615384615384 0.14423076923076922
1 0.17668269230769232 0.24879807692307693 0.052884615384615384 0.15625
1 0.5552884615384616 0.2692307692307692 0.052884615384615384 0.15625
1 0.44591346153846156 0.2668269230769231 0.057692307692307696 0.15384615384615385
1 0.057692307692307696 0.24639423076923078 0.038461538461538464 0.12980769230769232
1 0.5024038461538461 0.27163461538461536 0.052884615384615384 0.14182692307692307
0 0.4963942307692308 0.6598557692307693 0.052884615384615384 0.19230769230769232
0 0.7355769230769231 0.6778846153846154 0.052884615384615384 0.19230769230769232
1 0.1971153846153846 0.6514423076923077 0.04567307692307692 0.14423076923076922
1 0.3112980769230769 0.6706730769230769 0.04326923076923077 0.1466346153846154
0 0.3786057692307692 0.6754807692307693 0.038461538461538464 0.13942307692307693
1 0.8557692307692307 0.7007211538461539 0.05048076923076923 0.17548076923076922
1 0.4362980769230769 0.6790865384615384 0.04807692307692308 0.1346153846153846
1 0.13942307692307693 0.6658653846153846 0.04567307692307692 0.14903846153846154
1 0.02403846153846154 0.6598557692307693 0.04807692307692308 0.15144230769230768
1 0.796875 0.7007211538461539 0.05048076923076923 0.15144230769230768
1 0.25841346153846156 0.6754807692307693 0.04807692307692308 0.14182692307692307
1 0.5564903846153846 0.6923076923076923 0.057692307692307696 0.15384615384615385
0 0.07091346153846154 0.6682692307692307 0.07211538461538461 0.20673076923076922
0 0.6694711538461539 0.7019230769230769 0.06490384615384616 0.17548076923076922
1 0.6081730769230769 0.7007211538461539 0.055288461538461536 0.14182692307692307
0 0.8040865384615384 0.8822115384615384 0.06971153846153846 0.18028846153846154
0 0.8605769230769231 0.8942307692307693 0.055288461538461536 0.16826923076923078
1 0.7283653846153846 0.8870192307692307 0.04567307692307692 0.19951923076923078
0 0.35697115384615385 0.8713942307692307 0.040865384615384616 0.15625
1 0.1141826923076923 0.8641826923076923 0.057692307692307696 0.1658653846153846
1 0.6057692307692307 0.8894230769230769 0.05048076923076923 0.17307692307692307
1 0.4206730769230769 0.8810096153846154 0.055288461538461536 0.16826923076923078
0 0.1778846153846154 0.8689903846153846 0.07932692307692307 0.19471153846153846
1 0.48677884615384615 0.8858173076923077 0.057692307692307696 0.15144230769230768
1 0.23798076923076922 0.8762019230769231 0.05048076923076923 0.14182692307692307
1 0.5408653846153846 0.8918269230769231 0.04326923076923077 0.17307692307692307
1 0.009615384615384616 0.8677884615384616 0.019230769230769232 0.14423076923076922
0 0.052884615384615384 0.875 0.06971153846153846 0.18269230769230768
1 0.3016826923076923 0.890625 0.06009615384615385 0.18509615384615385
0 0.6730769230769231 0.9074519230769231 0.07211538461538461 0.18028846153846154