0 0.9603365384615384 0.3088942307692308 0.07932692307692307 0.18509615384615385
0 0.7512019230769231 0.27884615384615385 0.07932692307692307 0.19951923076923078
0 0.2548076923076923 0.20192307692307693 0.0673076923076923 0.21153846153846154
0 0.4182692307692308 0.22956730769230768 0.07211538461538461 0.16105769230769232
1 0.9146634615384616 0.3088942307692308 0.06971153846153846 0.1658653846153846
0 0.6442307692307693 0.265625 0.07451923076923077 0.21875
0 0.6959134615384616 0.27524038461538464 0.09134615384615384 0.21394230769230768
1 0.8581730769230769 0.30649038461538464 0.0673076923076923 0.18269230769230768
0 0.36778846153846156 0.2283653846153846 0.07451923076923077 0.17548076923076922
1 0.31009615384615385 0.22355769230769232 0.0625 0.1201923076923077
1 0.8052884615384616 0.30528846153846156 0.06971153846153846 0.15865384615384615
0 0.14783653846153846 0.20432692307692307 0.0673076923076923 0.14903846153846154
1 0.20432692307692307 0.21634615384615385 0.0673076923076923 0.16105769230769232
1 0.5793269230769231 0.2764423076923077 0.0673076923076923 0.16105769230769232
1 0.47115384615384615 0.26322115384615385 0.07211538461538461 0.15865384615384615
1 0.08653846153846154 0.20192307692307693 0.052884615384615384 0.13221153846153846
1 0.5264423076923077 0.27283653846153844 0.0673076923076923 0.14423076923076922
0 0.4795673076923077 0.6586538461538461 0.07211538461538461 0.19471153846153846
0 0.7163461538461539 0.7019230769230769 0.07211538461538461 0.19471153846153846
1 0.18269230769230768 0.6189903846153846 0.06009615384615385 0.1466346153846154
1 0.29447115384615385 0.6502403846153846 0.057692307692307696 0.14903846153846154
0 0.36177884615384615 0.6622596153846154 0.052884615384615384 0.13942307692307693
1 0.8329326923076923 0.7367788461538461 0.06971153846153846 0.1778846153846154
1 0.4182692307692308 0.671875 0.06009615384615385 0.13701923076923078
1 0.125 0.6262019230769231 0.06009615384615385 0.15144230769230768
1 0.019230769230769232 0.6069711538461539 0.038461538461538464 0.15144230769230768
1 0.7740384615384616 0.7307692307692307 0.0673076923076923 0.15625
1 0.24158653846153846 0.6490384615384616 0.06009615384615385 0.14423076923076922
1 0.5360576923076923 0.6971153846153846 0.07211538461538461 0.15625
0 0.056490384615384616 0.6213942307692307 0.09375 0.21153846153846154
0 0.6478365384615384 0.7175480769230769 0.08173076923076923 0.1778846153846154
1 0.5865384615384616 0.7103365384615384 0.06971153846153846 0.14423076923076922
0 0.7608173076923077 0.9086538461538461 0.0889423076923077 0.18269230769230768
0 0.8173076923076923 0.921875 0.07211538461538461 0.15625
1 0.6862980769230769 0.9038461538461539 0.06490384615384616 0.19230769230769232
0 0.31850961538461536 0.8545673076923077 0.057692307692307696 0.15625
1 0.078125 0.8209134615384616 0.07211538461538461 0.16826923076923078
1 0.5649038461538461 0.8978365384615384 0.0673076923076923 0.17548076923076922
1 0.38221153846153844 0.8701923076923077 0.07211538461538461 0.17307692307692307
0 0.140625 0.8341346153846154 0.0985576923076923 0.19951923076923078
1 0.44711538461538464 0.8822115384615384 0.07211538461538461 0.15384615384615385
1 0.20072115384615385 0.8473557692307693 0.06490384615384616 0.14423076923076922
1 0.5 0.8942307692307693 0.06009615384615385 0.17307692307692307
0 0.030048076923076924 0.8245192307692307 0.06009615384615385 0.1875
1 0.2620192307692308 0.8677884615384616 0.07932692307692307 0.1875
0 0.6286057692307693 0.9158653846153846 0.0889423076923077 0.16826923076923078