0 0.9002403846153846 0.1875 0.09134615384615384 0.18269230769230768
0 0.6814903846153846 0.21875 0.07211538461538461 0.1971153846153846
0 0.18269230769230768 0.28125 0.06009615384615385 0.21153846153846154
0 0.3473557692307692 0.2620192307692308 0.0673076923076923 0.16105769230769232
1 0.8461538461538461 0.20192307692307693 0.06490384615384616 0.1658653846153846
0 0.5745192307692307 0.23557692307692307 0.0673076923076923 0.21634615384615385
0 0.6262019230769231 0.22956730769230768 0.08413461538461539 0.21153846153846154
1 0.7908653846153846 0.21514423076923078 0.0625 0.18269230769230768
0 0.2980769230769231 0.27524038461538464 0.06971153846153846 0.17548076923076922
1 0.24158653846153846 0.28725961538461536 0.057692307692307696 0.1201923076923077
1 0.7391826923076923 0.2283653846153846 0.06490384615384616 0.15625
0 0.07932692307692307 0.3125 0.0625 0.1466346153846154
1 0.13701923076923078 0.3088942307692308 0.0625 0.15865384615384615
1 0.5144230769230769 0.26322115384615385 0.0625 0.15865384615384615
1 0.40625 0.2800480769230769 0.0673076923076923 0.15865384615384615
1 0.02283653846153846 0.3293269230769231 0.04567307692307692 0.1346153846153846
1 0.46274038461538464 0.27403846153846156 0.0625 0.14423076923076922
0 0.5240384615384616 0.6586538461538461 0.06490384615384616 0.19471153846153846
0 0.7632211538461539 0.6346153846153846 0.06490384615384616 0.19471153846153846
1 0.2283653846153846 0.7019230769230769 0.055288461538461536 0.14423076923076922
1 0.34375 0.7007211538461539 0.052884615384615384 0.1466346153846154
0 0.4110576923076923 0.6935096153846154 0.04807692307692308 0.13942307692307693
1 0.8846153846153846 0.6358173076923077 0.0625 0.1778846153846154
1 0.46875 0.6875 0.057692307692307696 0.13701923076923078
1 0.17427884615384615 0.7247596153846154 0.055288461538461536 0.15144230769230768
1 0.057692307692307696 0.7391826923076923 0.057692307692307696 0.15144230769230768
1 0.8269230769230769 0.6466346153846154 0.06009615384615385 0.15384615384615385
1 0.2920673076923077 0.7139423076923077 0.055288461538461536 0.14423076923076922
1 0.5889423076923077 0.6790865384615384 0.0673076923076923 0.15625
0 0.10697115384615384 0.7391826923076923 0.08653846153846154 0.2091346153846154
0 0.7019230769230769 0.6694711538461539 0.07692307692307693 0.1778846153846154
1 0.6418269230769231 0.6790865384615384 0.06490384615384616 0.14423076923076922
0 0.8653846153846154 0.8233173076923077 0.08173076923076923 0.18269230769230768
0 0.9242788461538461 0.8257211538461539 0.0673076923076923 0.17067307692307693
1 0.7920673076923077 0.8413461538461539 0.057692307692307696 0.20192307692307693
0 0.4230769230769231 0.890625 0.052884615384615384 0.15625
1 0.18389423076923078 0.9194711538461539 0.06971153846153846 0.15625
1 0.671875 0.8653846153846154 0.0625 0.17548076923076922
1 0.4879807692307692 0.8894230769230769 0.06490384615384616 0.17067307692307693
0 0.24639423076923078 0.9086538461538461 0.09375 0.1778846153846154
1 0.5540865384615384 0.8822115384615384 0.0673076923076923 0.15384615384615385
1 0.3076923076923077 0.9158653846153846 0.06009615384615385 0.14423076923076922
1 0.6081730769230769 0.8786057692307693 0.055288461538461536 0.17307692307692307
1 0.07091346153846154 0.9362980769230769 0.05048076923076923 0.12259615384615384
0 0.12620192307692307 0.9254807692307693 0.08413461538461539 0.14423076923076922
1 0.37259615384615385 0.9110576923076923 0.07692307692307693 0.17307692307692307
0 0.7427884615384616 0.8774038461538461 0.08173076923076923 0.19471153846153846