0 0.12259615384615384 0.15985576923076922 0.10336538461538461 0.18509615384615385
0 0.3389423076923077 0.20673076923076922 0.08413461538461539 0.19951923076923078
0 0.8317307692307693 0.30408653846153844 0.07451923076923077 0.21153846153846154
0 0.6694711538461539 0.27283653846153844 0.07932692307692307 0.16346153846153846
1 0.17548076923076922 0.17908653846153846 0.07451923076923077 0.1658653846153846
0 0.44471153846153844 0.23076923076923078 0.08173076923076923 0.21875
0 0.3918269230769231 0.22235576923076922 0.09615384615384616 0.21394230769230768
1 0.22956730769230768 0.19471153846153846 0.07451923076923077 0.18269230769230768
0 0.7175480769230769 0.28966346153846156 0.07932692307692307 0.1778846153846154
1 0.7728365384615384 0.30528846153846156 0.06490384615384616 0.12259615384615384
1 0.2800480769230769 0.2127403846153846 0.07451923076923077 0.15865384615384615
0 0.9326923076923077 0.3425480769230769 0.07211538461538461 0.14903846153846154
1 0.875 0.33413461538461536 0.07211538461538461 0.16105769230769232
1 0.5024038461538461 0.26322115384615385 0.07211538461538461 0.16105769230769232
1 0.6081730769230769 0.28725961538461536 0.07692307692307693 0.15865384615384615
1 0.9807692307692307 0.36177884615384615 0.038461538461538464 0.13221153846153846
1 0.5528846153846154 0.2776442307692308 0.07211538461538461 0.1466346153846154
0 0.4651442307692308 0.65625 0.07692307692307693 0.19471153846153846
0 0.22716346153846154 0.6165865384615384 0.07932692307692307 0.19471153846153846
1 0.7572115384615384 0.7199519230769231 0.0625 0.1466346153846154
1 0.6418269230769231 0.7115384615384616 0.0625 0.14903846153846154
0 0.5745192307692307 0.6995192307692307 0.057692307692307696 0.14182692307692307
1 0.10697115384615384 0.6081730769230769 0.07451923076923077 0.18028846153846154
1 0.5180288461538461 0.6899038461538461 0.06490384615384616 0.13942307692307693
1 0.8088942307692307 0.7475961538461539 0.06490384615384616 0.15144230769230768
1 0.9254807692307693 0.7704326923076923 0.0673076923076923 0.15384615384615385
1 0.16346153846153846 0.6237980769230769 0.07211538461538461 0.15625
1 0.6923076923076923 0.7283653846153846 0.06490384615384616 0.14423076923076922
1 0.39903846153846156 0.6730769230769231 0.07692307692307693 0.15865384615384615
0 0.875 0.7668269230769231 0.10096153846153846 0.21153846153846154
0 0.2860576923076923 0.6538461538461539 0.0889423076923077 0.18028846153846154
1 0.34615384615384615 0.6682692307692307 0.07451923076923077 0.1466346153846154
0 0.11298076923076923 0.796875 0.09375 0.18509615384615385
0 0.054086538461538464 0.7956730769230769 0.07692307692307693 0.17067307692307693
1 0.18389423076923078 0.8209134615384616 0.07211538461538461 0.20192307692307693
0 0.5492788461538461 0.8954326923076923 0.0625 0.15625
1 0.7872596153846154 0.9302884615384616 0.07932692307692307 0.13942307692307693
1 0.30288461538461536 0.8521634615384616 0.07451923076923077 0.1778846153846154
1 0.484375 0.8882211538461539 0.07692307692307693 0.17307692307692307
0 0.7223557692307693 0.9182692307692307 0.10336538461538461 0.16346153846153846
1 0.41947115384615385 0.8774038461538461 0.07692307692307693 0.15625
1 0.6622596153846154 0.9278846153846154 0.06971153846153846 0.14423076923076922
1 0.36538461538461536 0.8701923076923077 0.0673076923076923 0.17307692307692307
1 0.9002403846153846 0.9519230769230769 0.06009615384615385 0.09615384615384616
0 0.8425480769230769 0.9387019230769231 0.09375 0.12259615384615384
1 0.5985576923076923 0.9158653846153846 0.08653846153846154 0.16826923076923078
0 0.23197115384615385 0.859375 0.09615384615384616 0.1971153846153846