0 0.8653846153846154 0.1466346153846154 0.10817307692307693 0.1875
0 0.6502403846153846 0.20072115384615385 0.09134615384615384 0.19951923076923078
0 0.16105769230769232 0.31490384615384615 0.08173076923076923 0.21153846153846154
0 0.3233173076923077 0.27884615384615385 0.08413461538461539 0.16346153846153846
1 0.8125 0.16706730769230768 0.08173076923076923 0.16826923076923078
0 0.5456730769230769 0.22956730769230768 0.0889423076923077 0.21875
0 0.5973557692307693 0.21875 0.10336538461538461 0.21394230769230768
1 0.7596153846153846 0.18629807692307693 0.07932692307692307 0.18269230769230768
0 0.27524038461538464 0.2980769230769231 0.08413461538461539 0.1778846153846154
1 0.21995192307692307 0.31490384615384615 0.06971153846153846 0.12259615384615384
1 0.7091346153846154 0.20552884615384615 0.07932692307692307 0.15865384615384615
0 0.0625 0.3581730769230769 0.07451923076923077 0.14903846153846154
1 0.11899038461538461 0.3473557692307692 0.07932692307692307 0.16105769230769232
1 0.4891826923076923 0.26322115384615385 0.07932692307692307 0.16105769230769232
1 0.38341346153846156 0.29086538461538464 0.08173076923076923 0.15865384615384615
1 0.016826923076923076 0.3786057692307692 0.03365384615384615 0.13221153846153846
1 0.4387019230769231 0.2800480769230769 0.07692307692307693 0.1466346153846154
0 0.5408653846153846 0.6550480769230769 0.08413461538461539 0.19471153846153846
0 0.7764423076923077 0.6069711538461539 0.08413461538461539 0.19471153846153846
1 0.2512019230769231 0.7295673076923077 0.0673076923076923 0.1466346153846154
1 0.36658653846153844 0.7163461538461539 0.0673076923076923 0.14903846153846154
0 0.43149038461538464 0.7019230769230769 0.0625 0.14182692307692307
1 0.8966346153846154 0.5949519230769231 0.07932692307692307 0.18028846153846154
1 0.4879807692307692 0.6899038461538461 0.06971153846153846 0.13942307692307693
1 0.19951923076923078 0.7584134615384616 0.06971153846153846 0.15384615384615385
1 0.08413461538461539 0.7848557692307693 0.07211538461538461 0.15384615384615385
1 0.8401442307692307 0.6117788461538461 0.07692307692307693 0.15625
1 0.3161057692307692 0.734375 0.06971153846153846 0.14423076923076922
1 0.6069711538461539 0.6694711538461539 0.08173076923076923 0.15865384615384615
0 0.13341346153846154 0.7788461538461539 0.10576923076923077 0.21153846153846154
0 0.71875 0.6466346153846154 0.09375 0.18028846153846154
1 0.6598557692307693 0.6634615384615384 0.07932692307692307 0.1466346153846154
0 0.8966346153846154 0.7836538461538461 0.0985576923076923 0.18509615384615385
0 0.9555288461538461 0.7800480769230769 0.08413461538461539 0.17307692307692307
1 0.8269230769230769 0.8088942307692307 0.07932692307692307 0.20192307692307693
0 0.4639423076923077 0.8966346153846154 0.0673076923076923 0.15865384615384615
1 0.22956730769230768 0.9350961538461539 0.08413461538461539 0.12980769230769232
1 0.7091346153846154 0.8449519230769231 0.07932692307692307 0.1778846153846154
1 0.5288461538461539 0.8882211538461539 0.08173076923076923 0.17307692307692307
0 0.29086538461538464 0.9206730769230769 0.11057692307692307 0.15865384615384615
1 0.59375 0.8737980769230769 0.08173076923076923 0.15625
1 0.35216346153846156 0.9302884615384616 0.07451923076923077 0.13942307692307693
1 0.6478365384615384 0.8653846153846154 0.07211538461538461 0.17307692307692307
1 0.11538461538461539 0.9591346153846154 0.0625 0.08173076923076923
0 0.17307692307692307 0.9435096153846154 0.10096153846153846 0.11298076923076923
1 0.41586538461538464 0.9182692307692307 0.09134615384615384 0.16346153846153846
0 0.7800480769230769 0.8497596153846154 0.10096153846153846 0.1971153846153846