0 0.04807692307692308 0.2692307692307692 0.08413461538461539 0.18028846153846154
0 0.2692307692307692 0.25841346153846156 0.0625 0.1971153846153846
0 0.7704326923076923 0.2247596153846154 0.05048076923076923 0.21153846153846154
0 0.6045673076923077 0.23677884615384615 0.06009615384615385 0.15865384615384615
1 0.10336538461538461 0.27403846153846156 0.057692307692307696 0.16346153846153846
0 0.3762019230769231 0.2548076923076923 0.057692307692307696 0.21634615384615385
0 0.3245192307692308 0.25961538461538464 0.07211538461538461 0.2091346153846154
1 0.15985576923076922 0.27524038461538464 0.052884615384615384 0.18028846153846154
0 0.6550480769230769 0.2403846153846154 0.06009615384615385 0.17307692307692307
1 0.7127403846153846 0.24158653846153846 0.052884615384615384 0.11778846153846154
1 0.21394230769230768 0.27884615384615385 0.055288461538461536 0.15625
0 0.8762019230769231 0.23677884615384615 0.055288461538461536 0.1466346153846154
1 0.8197115384615384 0.24278846153846154 0.055288461538461536 0.15865384615384615
1 0.4411057692307692 0.2704326923076923 0.055288461538461536 0.15865384615384615
1 0.5504807692307693 0.2668269230769231 0.06009615384615385 0.15625
1 0.9387019230769231 0.23918269230769232 0.040865384615384616 0.12980769230769232
1 0.49399038461538464 0.27163461538461536 0.055288461538461536 0.14182692307692307
0 0.5060096153846154 0.6598557692307693 0.055288461538461536 0.19230769230769232
0 0.2668269230769231 0.6826923076923077 0.055288461538461536 0.19230769230769232
1 0.8052884615384616 0.6466346153846154 0.04807692307692308 0.14423076923076922
1 0.6911057692307693 0.6670673076923077 0.04567307692307692 0.1466346153846154
0 0.6237980769230769 0.6730769230769231 0.040865384615384616 0.13942307692307693
1 0.14783653846153846 0.7067307692307693 0.055288461538461536 0.1778846153846154
1 0.5661057692307693 0.6778846153846154 0.05048076923076923 0.13701923076923078
1 0.8629807692307693 0.6586538461538461 0.04807692307692308 0.14903846153846154
1 0.9759615384615384 0.6514423076923077 0.04326923076923077 0.15384615384615385
1 0.20673076923076922 0.7055288461538461 0.052884615384615384 0.15384615384615385
1 0.7439903846153846 0.6706730769230769 0.05048076923076923 0.14182692307692307
1 0.44711538461538464 0.6923076923076923 0.06009615384615385 0.15384615384615385
0 0.9314903846153846 0.6598557692307693 0.07692307692307693 0.20673076923076922
0 0.33413461538461536 0.7043269230769231 0.0673076923076923 0.17548076923076922
1 0.3954326923076923 0.703125 0.057692307692307696 0.14182692307692307
0 0.203125 0.8870192307692307 0.07451923076923077 0.18028846153846154
0 0.1466346153846154 0.9002403846153846 0.057692307692307696 0.16826923076923078
1 0.2776442307692308 0.8918269230769231 0.04807692307692308 0.19951923076923078
0 0.6502403846153846 0.8689903846153846 0.04326923076923077 0.15625
1 0.8930288461538461 0.8569711538461539 0.06009615384615385 0.1658653846153846
1 0.4014423076923077 0.8918269230769231 0.052884615384615384 0.17548076923076922
1 0.5853365384615384 0.8798076923076923 0.057692307692307696 0.17067307692307693
0 0.8293269230769231 0.8641826923076923 0.08173076923076923 0.19471153846153846
1 0.5192307692307693 0.8858173076923077 0.06009615384615385 0.15144230769230768
1 0.7680288461538461 0.8713942307692307 0.052884615384615384 0.14182692307692307
1 0.46634615384615385 0.8930288461538461 0.04567307692307692 0.17307692307692307
1 0.9927884615384616 0.8581730769230769 0.009615384615384616 0.14423076923076922
0 0.953125 0.8665865384615384 0.07451923076923077 0.18509615384615385
1 0.7055288461538461 0.8870192307692307 0.06490384615384616 0.18509615384615385
0 0.33533653846153844 0.9086538461538461 0.07451923076923077 0.1778846153846154