0 0.37740384615384615 0.4266826923076923 0.2692307692307692 0.16346153846153846
1 0.6610576923076923 0.4543269230769231 0.23317307692307693 0.15865384615384615
0 0.6995192307692307 0.6201923076923077 0.25721153846153844 0.1778846153846154
0 0.3701923076923077 0.6165865384615384 0.29086538461538464 0.21394230769230768
0 0.3641826923076923 0.078125 0.24278846153846154 0.15625
0 0.65625 0.8233173076923077 0.28365384615384615 0.18509615384615385
0 0.3557692307692308 0.8088942307692307 0.27403846153846156 0.17548076923076922
1 0.6850961538461539 0.09375 0.23557692307692307 0.1658653846153846
0 0.35697115384615385 0.9495192307692307 0.28365384615384615 0.09375
0 0.6947115384615384 0.9615384615384616 0.25 0.07211538461538461
1 0.6802884615384616 0.2668269230769231 0.2403846153846154 0.17548076923076922
1 0.3954326923076923 0.25841346153846156 0.27403846153846156 0.1875