0 0.6129807692307693 0.41225961538461536 0.28365384615384615 0.19230769230769232
1 0.33413461538461536 0.47475961538461536 0.24759615384615385 0.18509615384615385
0 0.3161057692307692 0.6430288461538461 0.27403846153846156 0.20673076923076922
0 0.6430288461538461 0.6009615384615384 0.31009615384615385 0.24519230769230768
0 0.5841346153846154 0.07692307692307693 0.25961538461538464 0.15384615384615385
0 0.38461538461538464 0.8401442307692307 0.3004807692307692 0.21634615384615385
0 0.6802884615384616 0.7896634615384616 0.28846153846153844 0.20432692307692307
1 0.2668269230769231 0.11899038461538461 0.25240384615384615 0.19230769230769232
0 0.6959134615384616 0.9290865384615384 0.28846153846153844 0.12740384615384615
0 0.36538461538461536 0.9639423076923077 0.2548076923076923 0.0673076923076923
1 0.2920673076923077 0.28966346153846156 0.25721153846153844 0.20192307692307693
1 0.5733173076923077 0.24759615384615385 0.29086538461538464 0.21634615384615385