0 0.6213942307692307 0.42427884615384615 0.27163461538461536 0.16826923076923078
1 0.33774038461538464 0.4567307692307692 0.23557692307692307 0.16346153846153846
0 0.30288461538461536 0.6237980769230769 0.2620192307692308 0.18269230769230768
0 0.6322115384615384 0.6153846153846154 0.2932692307692308 0.21875
0 0.6286057692307693 0.07692307692307693 0.24278846153846154 0.15384615384615385
0 0.34975961538461536 0.8257211538461539 0.2860576923076923 0.18990384615384615
0 0.6490384615384616 0.8064903846153846 0.2764423076923077 0.18028846153846154
1 0.3076923076923077 0.09615384615384616 0.23798076923076922 0.16826923076923078
0 0.6502403846153846 0.9483173076923077 0.28125 0.10336538461538461
0 0.3125 0.9627403846153846 0.24519230769230768 0.07451923076923077
1 0.31490384615384615 0.2692307692307692 0.24519230769230768 0.18028846153846154
1 0.5997596153846154 0.25721153846153844 0.2764423076923077 0.19230769230769232