0 0.36538461538461536 0.45072115384615385 0.27884615384615385 0.18509615384615385
1 0.6490384615384616 0.42427884615384615 0.24519230769230768 0.1778846153846154
0 0.71875 0.5793269230769231 0.27163461538461536 0.19951923076923078
0 0.3942307692307692 0.6394230769230769 0.30528846153846156 0.23557692307692307
0 0.2848557692307692 0.10576923076923077 0.25 0.18509615384615385
0 0.7151442307692307 0.7872596153846154 0.2956730769230769 0.20673076923076922
0 0.4182692307692308 0.8305288461538461 0.2860576923076923 0.1971153846153846
1 0.6057692307692307 0.07932692307692307 0.25 0.15865384615384615
0 0.44711538461538464 0.9543269230769231 0.28846153846153844 0.08653846153846154
0 0.7788461538461539 0.9242788461538461 0.25 0.11057692307692307
1 0.6334134615384616 0.23557692307692307 0.25240384615384615 0.19471153846153846
1 0.35216346153846156 0.2824519230769231 0.2860576923076923 0.2091346153846154