0 0.3798076923076923 0.421875 0.27403846153846156 0.17307692307692307
1 0.6622596153846154 0.46033653846153844 0.23798076923076922 0.1658653846153846
0 0.6947115384615384 0.6274038461538461 0.2644230769230769 0.1875
0 0.36538461538461536 0.6129807692307693 0.2956730769230769 0.22355769230769232
0 0.3786057692307692 0.078125 0.24759615384615385 0.15625
0 0.6454326923076923 0.8293269230769231 0.28846153846153844 0.19471153846153846
0 0.3449519230769231 0.8040865384615384 0.27884615384615385 0.18269230769230768
1 0.6995192307692307 0.09975961538461539 0.2403846153846154 0.17307692307692307
0 0.34134615384615385 0.9447115384615384 0.28365384615384615 0.10336538461538461
0 0.6778846153846154 0.9615384615384616 0.25 0.07211538461538461
1 0.6887019230769231 0.27283653846153844 0.24759615384615385 0.18509615384615385
1 0.40384615384615385 0.2548076923076923 0.27884615384615385 0.1971153846153846