0 0.6322115384615384 0.44591346153846156 0.27403846153846156 0.17548076923076922
1 0.3473557692307692 0.42908653846153844 0.2403846153846154 0.17067307692307693
0 0.28365384615384615 0.5877403846153846 0.2668269230769231 0.18990384615384615
0 0.6105769230769231 0.6358173076923077 0.3004807692307692 0.2283653846153846
0 0.7019230769230769 0.0985576923076923 0.24759615384615385 0.17548076923076922
0 0.29447115384615385 0.7956730769230769 0.29086538461538464 0.19951923076923078
0 0.59375 0.828125 0.28125 0.1875
1 0.38100961538461536 0.07932692307692307 0.24278846153846154 0.15865384615384615
0 0.5697115384615384 0.9555288461538461 0.28365384615384615 0.0889423076923077
0 0.234375 0.9350961538461539 0.24759615384615385 0.10336538461538461
1 0.3581730769230769 0.2403846153846154 0.25 0.1875
1 0.640625 0.2776442307692308 0.28125 0.20192307692307693