0 0.6262019230769231 0.4326923076923077 0.2608173076923077 0.1502403846153846
1 0.34134615384615385 0.44591346153846156 0.22596153846153846 0.14783653846153846
0 0.29447115384615385 0.609375 0.25 0.1658653846153846
0 0.6237980769230769 0.6237980769230769 0.2800480769230769 0.19951923076923078
0 0.6586538461538461 0.07932692307692307 0.23317307692307693 0.15264423076923078
0 0.3269230769230769 0.8149038461538461 0.27403846153846156 0.17067307692307693
0 0.6274038461538461 0.8161057692307693 0.265625 0.16105769230769232
1 0.33653846153846156 0.08413461538461539 0.2283653846153846 0.15384615384615385
0 0.6189903846153846 0.9567307692307693 0.27884615384615385 0.07932692307692307
0 0.2824519230769231 0.9591346153846154 0.24278846153846154 0.07692307692307693
1 0.3317307692307692 0.25721153846153844 0.23317307692307693 0.16466346153846154
1 0.6165865384615384 0.2644230769230769 0.2644230769230769 0.17427884615384615