0 0.6267976424361493 0.43215339233038347 0.2602554027504912 0.1504424778761062
1 0.3413163064833006 0.44542772861356933 0.2263064833005894 0.14749262536873156
0 0.2941650294695481 0.6093805309734514 0.249901768172888 0.1656932153392331
0 0.623516699410609 0.6238938053097345 0.2799017681728881 0.19961651917404136
0 0.6588801571709234 0.07914454277286136 0.23275049115913563 0.1524188790560472
0 0.32691552062868373 0.8153982300884957 0.2734577603143418 0.17058997050147495
0 0.6279371316306483 0.8161356932153393 0.2658349705304518 0.16126843657817105
1 0.33607072691552065 0.08457227138643068 0.22891944990176813 0.15339233038348082
0 0.6186051080550098 0.9587020648967551 0.2766404715127701 0.08259587020648967
0 0.2830451866404715 0.9611504424778761 0.24072691552062866 0.07766961651917416
1 0.33149312377210216 0.2576106194690265 0.2328487229862475 0.16519174041297935
1 0.6171316306483301 0.26474926253687314 0.26387033398821214 0.17454277286135697