0 0.6310096153846154 0.44350961538461536 0.27403846153846156 0.17307692307692307
1 0.34615384615384615 0.4326923076923077 0.23798076923076922 0.1658653846153846
0 0.2860576923076923 0.5913461538461539 0.2644230769230769 0.1875
0 0.6129807692307693 0.6346153846153846 0.2956730769230769 0.22355769230769232
0 0.6947115384615384 0.09495192307692307 0.24519230769230768 0.17307692307692307
0 0.3004807692307692 0.7980769230769231 0.28846153846153844 0.19471153846153846
0 0.5997596153846154 0.8257211538461539 0.27884615384615385 0.18269230769230768
1 0.3737980769230769 0.07932692307692307 0.24278846153846154 0.15865384615384615
0 0.5805288461538461 0.9555288461538461 0.2860576923076923 0.08413461538461539
0 0.24278846153846154 0.9387019230769231 0.24759615384615385 0.0985576923076923
1 0.35336538461538464 0.2439903846153846 0.24759615384615385 0.18509615384615385
1 0.6370192307692307 0.27524038461538464 0.27884615384615385 0.1971153846153846