0 0.38461538461538464 0.41586538461538464 0.27884615384615385 0.18509615384615385
1 0.6646634615384616 0.46875 0.24519230769230768 0.1778846153846154
0 0.6887019230769231 0.6370192307692307 0.27163461538461536 0.19951923076923078
0 0.3605769230769231 0.6057692307692307 0.30528846153846156 0.23557692307692307
0 0.4026442307692308 0.078125 0.25240384615384615 0.15625
0 0.6274038461538461 0.8353365384615384 0.2956730769230769 0.20673076923076922
0 0.3293269230769231 0.7956730769230769 0.2860576923076923 0.1971153846153846
1 0.7199519230769231 0.11057692307692307 0.24759615384615385 0.18509615384615385
0 0.31850961538461536 0.9362980769230769 0.2860576923076923 0.11538461538461539
0 0.6526442307692307 0.9627403846153846 0.25240384615384615 0.06971153846153846
1 0.7007211538461539 0.2824519230769231 0.25240384615384615 0.19471153846153846
1 0.4170673076923077 0.25 0.2860576923076923 0.2091346153846154