0 0.36538461538461536 0.453125 0.28125 0.1875
1 0.6478365384615384 0.421875 0.24519230769230768 0.18028846153846154
0 0.7199519230769231 0.5757211538461539 0.27403846153846156 0.20192307692307693
0 0.39663461538461536 0.6418269230769231 0.3076923076923077 0.2403846153846154
0 0.2776442307692308 0.109375 0.25240384615384615 0.1875
0 0.7199519230769231 0.7836538461538461 0.2980769230769231 0.2091346153846154
0 0.4230769230769231 0.8317307692307693 0.2860576923076923 0.19951923076923078
1 0.5973557692307693 0.07932692307692307 0.25240384615384615 0.15865384615384615
0 0.45552884615384615 0.953125 0.29086538461538464 0.0889423076923077
0 0.7872596153846154 0.9194711538461539 0.25240384615384615 0.11298076923076923
1 0.6286057692307693 0.234375 0.2548076923076923 0.19951923076923078
1 0.3485576923076923 0.2860576923076923 0.28846153846153844 0.21394230769230768