0 0.6334134615384616 0.4483173076923077 0.2764423076923077 0.18028846153846154
1 0.3485576923076923 0.4266826923076923 0.24278846153846154 0.17307692307692307
0 0.2824519230769231 0.5829326923076923 0.2692307692307692 0.19471153846153846
0 0.6081730769230769 0.6382211538461539 0.30288461538461536 0.23317307692307693
0 0.7091346153846154 0.10216346153846154 0.25 0.18028846153846154
0 0.28966346153846156 0.7908653846153846 0.2932692307692308 0.20192307692307693
0 0.5877403846153846 0.8293269230769231 0.28365384615384615 0.19230769230769232
1 0.3870192307692308 0.078125 0.24519230769230768 0.15625
0 0.5625 0.9543269230769231 0.28365384615384615 0.09134615384615384
0 0.22716346153846154 0.9302884615384616 0.24759615384615385 0.10817307692307693
1 0.3629807692307692 0.23798076923076922 0.25240384615384615 0.19230769230769232
1 0.6442307692307693 0.2800480769230769 0.28365384615384615 0.20432692307692307