0 0.609375 0.4074519230769231 0.2860576923076923 0.20192307692307693
1 0.33413461538461536 0.4795673076923077 0.25240384615384615 0.19230769230769232
0 0.32211538461538464 0.6502403846153846 0.27884615384615385 0.21394230769230768
0 0.6466346153846154 0.5949519230769231 0.31490384615384615 0.25240384615384615
0 0.5685096153846154 0.078125 0.2620192307692308 0.15625
0 0.39663461538461536 0.84375 0.30288461538461536 0.22355769230769232
0 0.6899038461538461 0.7824519230769231 0.2932692307692308 0.21394230769230768
1 0.2536057692307692 0.12740384615384615 0.2548076923076923 0.1971153846153846
0 0.7115384615384616 0.921875 0.28846153846153844 0.1346153846153846
0 0.38221153846153844 0.9639423076923077 0.2548076923076923 0.0673076923076923
1 0.2848557692307692 0.2980769230769231 0.2620192307692308 0.2091346153846154
1 0.5649038461538461 0.24519230769230768 0.2956730769230769 0.22596153846153846