1 0.038461538461538464 0.3269230769230769 0.07692307692307693 0.0673076923076923
0 0.6610576923076923 0.171875 0.12980769230769232 0.125
0 0.47115384615384615 0.22716346153846154 0.16105769230769232 0.1466346153846154
0 0.4951923076923077 0.02403846153846154 0.08653846153846154 0.04807692307692308
1 0.06610576923076923 0.3918269230769231 0.10817307692307693 0.07451923076923077
1 0.5012019230769231 0.3425480769230769 0.0985576923076923 0.10576923076923077
1 0.09495192307692307 0.47115384615384615 0.125 0.0985576923076923
1 0.5637019230769231 0.3798076923076923 0.11778846153846154 0.09615384615384616
1 0.3401442307692308 0.0673076923076923 0.14182692307692307 0.08173076923076923
1 0.003605769230769231 0.5420673076923077 0.007211538461538462 0.016826923076923076
0 0.19230769230769232 0.5480769230769231 0.18990384615384615 0.16346153846153846
0 0.5949519230769231 0.4567307692307692 0.14182692307692307 0.0985576923076923
1 0.05048076923076923 0.6274038461538461 0.03125 0.02403846153846154
0 0.6706730769230769 0.5120192307692307 0.14423076923076922 0.09375
0 0.2536057692307692 0.6526442307692307 0.1658653846153846 0.11778846153846154
1 0.06370192307692307 0.7127403846153846 0.06009615384615385 0.055288461538461536
1 0.10697115384615384 0.7608173076923077 0.06971153846153846 0.052884615384615384
1 0.7259615384615384 0.6081730769230769 0.16346153846153846 0.11538461538461539
1 0.296875 0.7716346153846154 0.14182692307692307 0.08653846153846154
0 0.7668269230769231 0.6778846153846154 0.14182692307692307 0.12980769230769232
0 0.5564903846153846 0.04927884615384615 0.12740384615384615 0.08413461538461539
0 0.14903846153846154 0.84375 0.10817307692307693 0.11538461538461539
1 0.3449519230769231 0.8461538461538461 0.14182692307692307 0.10336538461538461
0 0.8076923076923077 0.7716346153846154 0.13942307692307693 0.10096153846153846
1 0.38221153846153844 0.9074519230769231 0.14903846153846154 0.10817307692307693
1 0.17307692307692307 0.9471153846153846 0.14903846153846154 0.10576923076923077
0 0.8966346153846154 0.8137019230769231 0.15144230769230768 0.125
0 0.4699519230769231 0.9338942307692307 0.17067307692307693 0.13221153846153846
1 0.3713942307692308 0.11658653846153846 0.15865384615384615 0.09615384615384616
1 0.028846153846153848 0.2548076923076923 0.057692307692307696 0.08173076923076923
0 0.609375 0.11899038461538461 0.13942307692307693 0.10096153846153846
1 0.4170673076923077 0.17427884615384615 0.15384615384615385 0.10096153846153846