1 0.13581730769230768 0.1502403846153846 0.10096153846153846 0.0625
0 0.7800480769230769 0.2668269230769231 0.12259615384615384 0.1201923076923077
0 0.5853365384615384 0.23918269230769232 0.15625 0.13942307692307693
0 0.6935096153846154 0.054086538461538464 0.08413461538461539 0.06490384615384616
1 0.14783653846153846 0.2247596153846154 0.10576923076923077 0.06971153846153846
1 0.5661057692307693 0.35697115384615385 0.09375 0.10096153846153846
1 0.14182692307692307 0.3088942307692308 0.1201923076923077 0.09134615384615384
1 0.6069711538461539 0.41586538461538464 0.11298076923076923 0.0889423076923077
1 0.5300480769230769 0.039663461538461536 0.13942307692307693 0.07451923076923077
1 0.028846153846153848 0.33774038461538464 0.01201923076923077 0.019230769230769232
0 0.19951923076923078 0.41947115384615385 0.18509615384615385 0.15384615384615385
0 0.6033653846153846 0.4987980769230769 0.13701923076923078 0.09134615384615384
1 0.038461538461538464 0.4326923076923077 0.03125 0.021634615384615384
0 0.6502403846153846 0.5805288461538461 0.14182692307692307 0.08653846153846154
1 0.14423076923076922 0.016826923076923076 0.07211538461538461 0.03365384615384615
0 0.2127403846153846 0.5396634615384616 0.16346153846153846 0.10817307692307693
1 0.02283653846153846 0.5168269230769231 0.04567307692307692 0.057692307692307696
1 0.03485576923076923 0.578125 0.0673076923076923 0.04807692307692308
1 0.6622596153846154 0.6911057692307693 0.16105769230769232 0.10576923076923077
1 0.203125 0.6646634615384616 0.13942307692307693 0.07932692307692307
0 0.671875 0.7704326923076923 0.1346153846153846 0.12259615384615384
0 0.734375 0.11057692307692307 0.125 0.07692307692307693
1 0.04567307692307692 0.671875 0.09134615384615384 0.11298076923076923
1 0.21754807692307693 0.7524038461538461 0.13942307692307693 0.09375
0 0.6706730769230769 0.8725961538461539 0.13701923076923078 0.09375
1 0.22716346153846154 0.8245192307692307 0.1466346153846154 0.0985576923076923
0 0.7355769230769231 0.9435096153846154 0.14903846153846154 0.10817307692307693
0 0.2956730769230769 0.8870192307692307 0.1658653846153846 0.12980769230769232
1 0.5384615384615384 0.09615384615384616 0.15625 0.0889423076923077
1 0.140625 0.0733173076923077 0.11778846153846154 0.07692307692307693
0 0.7548076923076923 0.19591346153846154 0.13701923076923078 0.09375
1 0.5576923076923077 0.16826923076923078 0.15144230769230768 0.09375