1 0.14182692307692307 0.14423076923076922 0.10096153846153846 0.0625
0 0.7848557692307693 0.27163461538461536 0.125 0.12259615384615384
0 0.5901442307692307 0.2403846153846154 0.15625 0.13942307692307693
0 0.7007211538461539 0.057692307692307696 0.08653846153846154 0.06490384615384616
1 0.15264423076923078 0.21875 0.10576923076923077 0.06971153846153846
1 0.5685096153846154 0.3581730769230769 0.09615384615384616 0.10336538461538461
1 0.14543269230769232 0.30288461538461536 0.12259615384615384 0.09375
1 0.609375 0.4182692307692308 0.11538461538461539 0.09134615384615384
1 0.5384615384615384 0.039663461538461536 0.14182692307692307 0.07692307692307693
1 0.03125 0.3293269230769231 0.01201923076923077 0.019230769230769232
0 0.20072115384615385 0.41346153846153844 0.18509615384615385 0.15625
0 0.6033653846153846 0.5012019230769231 0.13942307692307693 0.09375
1 0.039663461538461536 0.4254807692307692 0.03125 0.021634615384615384
0 0.6490384615384616 0.5829326923076923 0.14423076923076922 0.0889423076923077
1 0.15384615384615385 0.014423076923076924 0.07211538461538461 0.028846153846153848
0 0.21153846153846154 0.5348557692307693 0.16346153846153846 0.11057692307692307
1 0.02283653846153846 0.5096153846153846 0.04567307692307692 0.057692307692307696
1 0.03485576923076923 0.5697115384615384 0.06971153846153846 0.052884615384615384
1 0.6598557692307693 0.6935096153846154 0.16105769230769232 0.10817307692307693
1 0.20072115384615385 0.6598557692307693 0.13942307692307693 0.08173076923076923
0 0.6670673076923077 0.7740384615384616 0.13701923076923078 0.125
0 0.7415865384615384 0.1141826923076923 0.125 0.07692307692307693
1 0.04447115384615385 0.6646634615384616 0.0889423076923077 0.11298076923076923
1 0.2127403846153846 0.7475961538461539 0.13942307692307693 0.09615384615384616
0 0.6646634615384616 0.8762019230769231 0.13701923076923078 0.09615384615384616
1 0.22115384615384615 0.8197115384615384 0.1466346153846154 0.10096153846153846
0 0.7283653846153846 0.9447115384615384 0.14903846153846154 0.10576923076923077
0 0.28966346153846156 0.8834134615384616 0.16826923076923078 0.13221153846153846
1 0.5456730769230769 0.09735576923076923 0.15625 0.09134615384615384
1 0.14783653846153846 0.0673076923076923 0.11778846153846154 0.07692307692307693
0 0.7608173076923077 0.20072115384615385 0.13701923076923078 0.09615384615384616
1 0.5625 0.16947115384615385 0.15144230769230768 0.09615384615384616