1 0.919625806451613 0.21848816029143897 0.09440000000000011 0.0455191256830601
0 0.2642193548387097 0.22154826958105645 0.10703225806451612 0.10389799635701276
0 0.46203870967741933 0.2284335154826958 0.13736774193548393 0.11604735883424407
0 0.38664516129032256 0.027176684881602915 0.07649032258064513 0.05169398907103825
1 0.8944 0.28994535519125686 0.09898064516129038 0.0523497267759563
1 0.4607612903225806 0.34683060109289615 0.0802451612903225 0.08836065573770491
1 0.8860774193548387 0.37397085610200365 0.1098709677419356 0.0745719489981785
1 0.40843870967741935 0.39907103825136614 0.10172903225806455 0.07293260473588346
1 0.5501935483870968 0.04034608378870674 0.1330451612903226 0.051566484517304195
1 0.9948774193548386 0.42216757741347904 0.010232258064516211 0.01371584699453547
0 0.8096645161290322 0.4725865209471767 0.16451612903225807 0.12672131147540988
0 0.3984 0.480856102003643 0.12753548387096778 0.07127504553734061
1 0.9669290322580645 0.5146812386156648 0.028864516129032118 0.016612021857923504
0 0.3381935483870968 0.5533333333333332 0.1332516129032258 0.06393442622950823
1 0.938541935483871 0.059963570127504556 0.056567741935483765 0.07515482695810563
0 0.775974193548387 0.5883788706739526 0.1516258064516129 0.08306010928961753
1 0.974658064516129 0.6013296903460837 0.05007741935483864 0.04418943533697631
1 0.9452774193548388 0.6574134790528233 0.0629935483870967 0.03896174863387976
1 0.3059483870967742 0.6596174863387978 0.14900645161290324 0.08209471766848825
1 0.7636645161290323 0.71408014571949 0.13105806451612895 0.058178506375227784
0 0.2838709677419355 0.7373588342440801 0.11861935483870972 0.10473588342440801
0 0.3366193548387097 0.07515482695810564 0.1163354838709677 0.05692167577413479
0 0.9247741935483872 0.7487249544626594 0.08793548387096786 0.09610200364298724
1 0.7348516129032258 0.7976867030965392 0.12847741935483864 0.07311475409836063
0 0.2663741935483871 0.8381785063752277 0.12491612903225807 0.07309653916211292
1 0.7129161290322581 0.86632058287796 0.13505806451612906 0.07752276867030955
1 0.9287483870967742 0.8683060109289618 0.12729032258064527 0.1008925318761384
0 0.19095483870967744 0.9007650273224044 0.1314193548387097 0.09659380692167573
0 0.633341935483871 0.9173588342440802 0.15021935483870963 0.10551912568306013
1 0.5320129032258064 0.09621129326047359 0.14705806451612907 0.0633879781420765
1 0.8968129032258064 0.9589435336976321 0.1214967741935485 0.07271402550091077
1 0.9280903225806452 0.14176684881602913 0.10903225806451614 0.057304189435336994
0 0.3020774193548387 0.1561384335154827 0.12521290322580644 0.07307832422586522
1 0.5010451612903226 0.1640255009107468 0.14016774193548387 0.0694353369763206