1 0.036057692307692304 0.33533653846153844 0.07211538461538461 0.06971153846153846
0 0.6550480769230769 0.16947115384615385 0.12980769230769232 0.12740384615384615
0 0.46634615384615385 0.22716346153846154 0.16346153846153846 0.14903846153846154
0 0.4855769230769231 0.02403846153846154 0.08653846153846154 0.04807692307692308
1 0.06490384615384616 0.39903846153846156 0.10817307692307693 0.07692307692307693
1 0.4987980769230769 0.3425480769230769 0.10096153846153846 0.10576923076923077
1 0.09495192307692307 0.47836538461538464 0.125 0.10096153846153846
1 0.5625 0.3786057692307692 0.11778846153846154 0.09615384615384616
1 0.3329326923076923 0.06971153846153846 0.14182692307692307 0.08413461538461539
1 0.004807692307692308 0.5516826923076923 0.009615384615384616 0.016826923076923076
0 0.1935096153846154 0.5540865384615384 0.19230769230769232 0.16346153846153846
0 0.59375 0.45552884615384615 0.14182692307692307 0.10096153846153846
1 0.052884615384615384 0.6346153846153846 0.03125 0.02403846153846154
0 0.6706730769230769 0.5096153846153846 0.14423076923076922 0.09615384615384616
0 0.25600961538461536 0.6574519230769231 0.16826923076923078 0.1201923076923077
1 0.0673076923076923 0.7199519230769231 0.06009615384615385 0.055288461538461536
1 0.11177884615384616 0.7668269230769231 0.06971153846153846 0.052884615384615384
1 0.7283653846153846 0.6045673076923077 0.1658653846153846 0.11778846153846154
1 0.3016826923076923 0.7752403846153846 0.14182692307692307 0.0889423076923077
0 0.7704326923076923 0.6730769230769231 0.14182692307692307 0.13221153846153846
0 0.5480769230769231 0.04807692307692308 0.12740384615384615 0.08413461538461539
0 0.15504807692307693 0.8497596153846154 0.11057692307692307 0.11538461538461539
1 0.35096153846153844 0.8485576923076923 0.14423076923076922 0.10336538461538461
0 0.8125 0.765625 0.13942307692307693 0.10336538461538461
1 0.3894230769230769 0.9086538461538461 0.14903846153846154 0.10817307692307693
1 0.18028846153846154 0.9507211538461539 0.14903846153846154 0.0985576923076923
0 0.9014423076923077 0.8064903846153846 0.15144230769230768 0.12740384615384615
0 0.47836538461538464 0.9326923076923077 0.17307692307692307 0.1346153846153846
1 0.3641826923076923 0.11778846153846154 0.15865384615384615 0.0985576923076923
1 0.026442307692307692 0.26322115384615385 0.052884615384615384 0.08413461538461539
0 0.6021634615384616 0.11658653846153846 0.13942307692307693 0.10336538461538461
1 0.41225961538461536 0.17548076923076922 0.15384615384615385 0.10336538461538461