1 0.9242788461538461 0.22596153846153846 0.09615384615384616 0.04807692307692308
0 0.2692307692307692 0.21754807692307693 0.10817307692307693 0.10576923076923077
0 0.46634615384615385 0.22716346153846154 0.13942307692307693 0.11778846153846154
0 0.3942307692307692 0.025240384615384616 0.07692307692307693 0.05048076923076923
1 0.8978365384615384 0.296875 0.0985576923076923 0.055288461538461536
1 0.46274038461538464 0.34615384615384615 0.08173076923076923 0.09134615384615384
1 0.8882211538461539 0.38100961538461536 0.11057692307692307 0.07692307692307693
1 0.4098557692307692 0.39783653846153844 0.10336538461538461 0.07451923076923077
1 0.5588942307692307 0.042067307692307696 0.1346153846153846 0.052884615384615384
1 0.9939903846153846 0.42788461538461536 0.01201923076923077 0.014423076923076924
0 0.8100961538461539 0.47836538461538464 0.1658653846153846 0.12980769230769232
0 0.39783653846153844 0.4795673076923077 0.12980769230769232 0.07211538461538461
1 0.9663461538461539 0.5228365384615384 0.028846153846153848 0.016826923076923076
0 0.33653846153846156 0.5504807692307693 0.1346153846153846 0.06490384615384616
1 0.9459134615384616 0.0673076923076923 0.057692307692307696 0.07692307692307693
0 0.7752403846153846 0.59375 0.15384615384615385 0.08653846153846154
1 0.9723557692307693 0.609375 0.05048076923076923 0.04567307692307692
1 0.9423076923076923 0.6646634615384616 0.0625 0.038461538461538464
1 0.30408653846153844 0.65625 0.15144230769230768 0.08413461538461539
1 0.7596153846153846 0.71875 0.13221153846153846 0.06009615384615385
0 0.2800480769230769 0.7331730769230769 0.1201923076923077 0.10576923076923077
0 0.34375 0.0733173076923077 0.11778846153846154 0.057692307692307696
0 0.9194711538461539 0.7560096153846154 0.0889423076923077 0.0985576923076923
1 0.7295673076923077 0.8016826923076923 0.12980769230769232 0.07451923076923077
0 0.2608173076923077 0.8341346153846154 0.12740384615384615 0.07451923076923077
1 0.7067307692307693 0.8701923076923077 0.13701923076923078 0.07932692307692307
1 0.9230769230769231 0.875 0.12980769230769232 0.10336538461538461
0 0.18389423076923078 0.8942307692307693 0.13221153846153846 0.0985576923076923
0 0.6262019230769231 0.9194711538461539 0.15144230769230768 0.10817307692307693
1 0.5396634615384616 0.09735576923076923 0.1466346153846154 0.0673076923076923
1 0.8882211538461539 0.9639423076923077 0.12259615384615384 0.07211538461538461
1 0.9338942307692307 0.14903846153846154 0.11057692307692307 0.06009615384615385
0 0.3076923076923077 0.15264423076923078 0.12740384615384615 0.07451923076923077
1 0.5072115384615384 0.16346153846153846 0.14182692307692307 0.07211538461538461