1 0.08533653846153846 0.21153846153846154 0.09615384615384616 0.04807692307692308
0 0.7403846153846154 0.2247596153846154 0.10817307692307693 0.10576923076923077
0 0.5432692307692307 0.22956730769230768 0.13942307692307693 0.11778846153846154
0 0.6213942307692307 0.030048076923076924 0.07692307692307693 0.052884615384615384
1 0.109375 0.2824519230769231 0.0985576923076923 0.055288461538461536
1 0.5420673076923077 0.3485576923076923 0.08173076923076923 0.09134615384615384
1 0.11658653846153846 0.36658653846153844 0.11057692307692307 0.07692307692307693
1 0.5925480769230769 0.40024038461538464 0.10336538461538461 0.07451923076923077
1 0.4579326923076923 0.039663461538461536 0.1346153846153846 0.052884615384615384
1 0.008413461538461538 0.41346153846153844 0.009615384615384616 0.016826923076923076
0 0.18990384615384615 0.4675480769230769 0.1658653846153846 0.12980769230769232
0 0.6021634615384616 0.48197115384615385 0.12980769230769232 0.07211538461538461
1 0.03365384615384615 0.5060096153846154 0.028846153846153848 0.016826923076923076
0 0.6610576923076923 0.5552884615384616 0.1346153846153846 0.06490384615384616
1 0.06850961538461539 0.052884615384615384 0.057692307692307696 0.07692307692307693
0 0.22235576923076922 0.5841346153846154 0.15384615384615385 0.08653846153846154
1 0.025240384615384616 0.5925480769230769 0.04807692307692308 0.04807692307692308
1 0.052884615384615384 0.6502403846153846 0.0625 0.038461538461538464
1 0.6911057692307693 0.6634615384615384 0.15144230769230768 0.08413461538461539
1 0.23317307692307693 0.7091346153846154 0.13221153846153846 0.06009615384615385
0 0.7127403846153846 0.7403846153846154 0.1201923076923077 0.10576923076923077
0 0.6706730769230769 0.078125 0.11778846153846154 0.057692307692307696
1 0.07091346153846154 0.7415865384615384 0.0889423076923077 0.0985576923076923
1 0.2608173076923077 0.7944711538461539 0.12980769230769232 0.07451923076923077
0 0.7271634615384616 0.8413461538461539 0.12740384615384615 0.07451923076923077
1 0.28125 0.8629807692307693 0.13701923076923078 0.07932692307692307
0 0.8016826923076923 0.9050480769230769 0.13221153846153846 0.0985576923076923
0 0.359375 0.9146634615384616 0.15144230769230768 0.10817307692307693
1 0.47475961538461536 0.09615384615384616 0.1466346153846154 0.0673076923076923
1 0.078125 0.1346153846153846 0.11057692307692307 0.06009615384615385
0 0.7043269230769231 0.15985576923076922 0.12740384615384615 0.07451923076923077
1 0.5048076923076923 0.16346153846153846 0.14182692307692307 0.07211538461538461