0 0.8269230769230769 0.4831730769230769 0.06971153846153846 0.23798076923076922
1 0.7019230769230769 0.47475961538461536 0.06490384615384616 0.19230769230769232
1 0.3269230769230769 0.4254807692307692 0.055288461538461536 0.16346153846153846
1 0.13701923076923078 0.39783653846153844 0.08653846153846154 0.24759615384615385
1 0.6382211538461539 0.47716346153846156 0.08413461538461539 0.22355769230769232
0 0.5709134615384616 0.46875 0.09375 0.25961538461538464
1 0.9495192307692307 0.5300480769230769 0.08413461538461539 0.25240384615384615
1 0.38221153846153844 0.44350961538461536 0.07451923076923077 0.21634615384615385
1 0.07091346153846154 0.39663461538461536 0.07211538461538461 0.20432692307692307
0 0.4423076923076923 0.4567307692307692 0.07932692307692307 0.25961538461538464
1 0.8822115384615384 0.5276442307692307 0.07451923076923077 0.21634615384615385
1 0.18870192307692307 0.41947115384615385 0.06009615384615385 0.21634615384615385
1 0.5132211538461539 0.47115384615384615 0.0673076923076923 0.18269230769230768
0 0.7584134615384616 0.5192307692307693 0.08413461538461539 0.22115384615384615
1 0.26322115384615385 0.4423076923076923 0.06971153846153846 0.21634615384615385
0 0.8485576923076923 0.8137019230769231 0.07692307692307693 0.21875
0 0.9134615384615384 0.8293269230769231 0.07932692307692307 0.22115384615384615
1 0.14903846153846154 0.7079326923076923 0.08413461538461539 0.20192307692307693
1 0.32091346153846156 0.7584134615384616 0.0673076923076923 0.20673076923076922
0 0.06850961538461539 0.71875 0.07932692307692307 0.2548076923076923
0 0.38822115384615385 0.7728365384615384 0.08173076923076923 0.23557692307692307
0 0.19951923076923078 0.7439903846153846 0.08413461538461539 0.2644230769230769
1 0.26322115384615385 0.7548076923076923 0.06971153846153846 0.20192307692307693
1 0.7692307692307693 0.8449519230769231 0.07211538461538461 0.21875
1 0.5817307692307693 0.8173076923076923 0.07451923076923077 0.2283653846153846
1 0.45552884615384615 0.8016826923076923 0.07692307692307693 0.23076923076923078
1 0.020432692307692308 0.7319711538461539 0.040865384615384616 0.23317307692307693
0 0.7127403846153846 0.84375 0.07211538461538461 0.2403846153846154
1 0.5132211538461539 0.8221153846153846 0.07692307692307693 0.22596153846153846
1 0.6430288461538461 0.84375 0.07692307692307693 0.24278846153846154