0 0.828125 0.5120192307692307 0.0889423076923077 0.23798076923076922
1 0.7043269230769231 0.49278846153846156 0.07932692307692307 0.19230769230769232
1 0.33413461538461536 0.4098557692307692 0.0673076923076923 0.16346153846153846
1 0.1466346153846154 0.36658653846153844 0.10576923076923077 0.24759615384615385
1 0.640625 0.4891826923076923 0.10336538461538461 0.22355769230769232
0 0.5733173076923077 0.47475961538461536 0.11298076923076923 0.25961538461538464
1 0.9447115384615384 0.5685096153846154 0.10336538461538461 0.25240384615384615
1 0.38822115384615385 0.4338942307692308 0.09134615384615384 0.21634615384615385
1 0.08173076923076923 0.359375 0.0889423076923077 0.20432692307692307
0 0.44591346153846156 0.4519230769230769 0.10096153846153846 0.25721153846153844
1 0.8786057692307693 0.5612980769230769 0.09134615384615384 0.21634615384615385
1 0.1971153846153846 0.3918269230769231 0.07932692307692307 0.21394230769230768
1 0.515625 0.4723557692307692 0.08413461538461539 0.18269230769230768
0 0.7560096153846154 0.5420673076923077 0.10336538461538461 0.22115384615384615
1 0.2692307692307692 0.421875 0.0889423076923077 0.21634615384615385
0 0.8197115384615384 0.8425480769230769 0.09375 0.21875
0 0.8834134615384616 0.8641826923076923 0.09615384615384616 0.22115384615384615
1 0.13221153846153846 0.6766826923076923 0.0985576923076923 0.20432692307692307
1 0.29927884615384615 0.7427884615384616 0.08413461538461539 0.20673076923076922
0 0.051682692307692304 0.6802884615384616 0.10096153846153846 0.2548076923076923
0 0.36538461538461536 0.7620192307692307 0.10096153846153846 0.23557692307692307
0 0.17908653846153846 0.7175480769230769 0.10576923076923077 0.2644230769230769
1 0.24278846153846154 0.7331730769230769 0.08413461538461539 0.20192307692307693
1 0.7379807692307693 0.8665865384615384 0.0889423076923077 0.21875
1 0.5528846153846154 0.8233173076923077 0.09134615384615384 0.2283653846153846
1 0.42908653846153844 0.796875 0.09615384615384616 0.2283653846153846
1 0.016826923076923076 0.6887019230769231 0.03365384615384615 0.23317307692307693
0 0.6826923076923077 0.8617788461538461 0.09134615384615384 0.2403846153846154
1 0.4855769230769231 0.8221153846153846 0.09375 0.22596153846153846
1 0.6117788461538461 0.8545673076923077 0.09615384615384616 0.24278846153846154