0 0.8149038461538461 0.4110576923076923 0.04807692307692308 0.23798076923076922
1 0.6911057692307693 0.43028846153846156 0.04807692307692308 0.19230769230769232
1 0.31490384615384615 0.46634615384615385 0.040865384615384616 0.16346153846153846
1 0.12259615384615384 0.48197115384615385 0.0673076923076923 0.24759615384615385
1 0.6298076923076923 0.44591346153846156 0.0673076923076923 0.22115384615384615
0 0.5612980769230769 0.453125 0.07211538461538461 0.25721153846153844
1 0.9447115384615384 0.42788461538461536 0.0625 0.25240384615384615
1 0.37259615384615385 0.47115384615384615 0.057692307692307696 0.21394230769230768
1 0.05889423076923077 0.4963942307692308 0.055288461538461536 0.20432692307692307
0 0.4338942307692308 0.47115384615384615 0.057692307692307696 0.25721153846153844
1 0.8786057692307693 0.4411057692307692 0.057692307692307696 0.21634615384615385
1 0.17908653846153846 0.49158653846153844 0.04326923076923077 0.21634615384615385
1 0.5060096153846154 0.4699519230769231 0.052884615384615384 0.18269230769230768
0 0.7560096153846154 0.46033653846153844 0.0673076923076923 0.21875
1 0.25600961538461536 0.4963942307692308 0.052884615384615384 0.21634615384615385
0 0.9098557692307693 0.7271634615384616 0.057692307692307696 0.21634615384615385
0 0.9723557692307693 0.7283653846153846 0.05048076923076923 0.22115384615384615
1 0.20552884615384615 0.7824519230769231 0.0673076923076923 0.19951923076923078
1 0.38461538461538464 0.7920673076923077 0.05048076923076923 0.20673076923076922
0 0.12860576923076922 0.8100961538461539 0.057692307692307696 0.2548076923076923
0 0.453125 0.7908653846153846 0.0625 0.23317307692307693
0 0.2620192307692308 0.8052884615384616 0.0625 0.2644230769230769
1 0.3269230769230769 0.8016826923076923 0.052884615384615384 0.19951923076923078
1 0.8401442307692307 0.7752403846153846 0.052884615384615384 0.21875
1 0.6502403846153846 0.7908653846153846 0.055288461538461536 0.2283653846153846
1 0.5252403846153846 0.8040865384615384 0.057692307692307696 0.2283653846153846
1 0.07211538461538461 0.8377403846153846 0.05048076923076923 0.23076923076923078
0 0.7848557692307693 0.7872596153846154 0.05048076923076923 0.2403846153846154
1 0.5853365384615384 0.8112980769230769 0.057692307692307696 0.22355769230769232
1 0.7163461538461539 0.8028846153846154 0.055288461538461536 0.2403846153846154