0 0.17427884615384615 0.46634615384615385 0.057692307692307696 0.23798076923076922
1 0.29927884615384615 0.4639423076923077 0.055288461538461536 0.19230769230769232
1 0.6766826923076923 0.4338942307692308 0.04567307692307692 0.16346153846153846
1 0.8677884615384616 0.4170673076923077 0.07451923076923077 0.24759615384615385
1 0.3629807692307692 0.4699519230769231 0.07451923076923077 0.22115384615384615
0 0.43149038461538464 0.4651442307692308 0.07932692307692307 0.25721153846153844
1 0.04927884615384615 0.5060096153846154 0.07211538461538461 0.25240384615384615
1 0.6201923076923077 0.4495192307692308 0.06490384615384616 0.21394230769230768
1 0.9338942307692307 0.41947115384615385 0.0625 0.20432692307692307
0 0.5600961538461539 0.46033653846153844 0.0673076923076923 0.25961538461538464
1 0.11658653846153846 0.5072115384615384 0.06490384615384616 0.21634615384615385
1 0.8149038461538461 0.43509615384615385 0.05048076923076923 0.21634615384615385
1 0.4879807692307692 0.47115384615384615 0.06009615384615385 0.18269230769230768
0 0.2403846153846154 0.5060096153846154 0.07451923076923077 0.21875
1 0.7391826923076923 0.4543269230769231 0.06009615384615385 0.21634615384615385
0 0.13581730769230768 0.7944711538461539 0.06490384615384616 0.21634615384615385
0 0.06971153846153846 0.8076923076923077 0.0673076923076923 0.21875
1 0.8389423076923077 0.7271634615384616 0.07211538461538461 0.20192307692307693
1 0.6646634615384616 0.7680288461538461 0.057692307692307696 0.20673076923076922
0 0.9194711538461539 0.7415865384615384 0.0673076923076923 0.2548076923076923
0 0.5973557692307693 0.7788461538461539 0.06971153846153846 0.23557692307692307
0 0.7872596153846154 0.7596153846153846 0.07211538461538461 0.2644230769230769
1 0.7223557692307693 0.7668269230769231 0.06009615384615385 0.20192307692307693
1 0.2127403846153846 0.8293269230769231 0.06009615384615385 0.21875
1 0.4026442307692308 0.8125 0.0625 0.2283653846153846
1 0.5288461538461539 0.8040865384615384 0.06490384615384616 0.2283653846153846
1 0.9747596153846154 0.7584134615384616 0.04567307692307692 0.23317307692307693
0 0.2692307692307692 0.8329326923076923 0.06009615384615385 0.2403846153846154
1 0.4699519230769231 0.8209134615384616 0.06490384615384616 0.22596153846153846
1 0.3389423076923077 0.8353365384615384 0.06490384615384616 0.24278846153846154