0 0.17900161030595813 0.43326693227091634 0.03214170692431563 0.23629482071713148
1 0.30434782608695654 0.44382470119521916 0.034396135265700505 0.18968127490039846
1 0.6823188405797102 0.4533864541832669 0.030466988727858225 0.1609561752988048
1 0.8746376811594202 0.45501992031872507 0.04983896940418687 0.24386454183266937
1 0.36681159420289855 0.4555776892430279 0.051900161030595846 0.21717131474103582
0 0.43468599033816424 0.45800796812749 0.053977455716586124 0.25382470119521916
1 0.0519645732689211 0.45920318725099607 0.045378421900161024 0.2482470119521913
1 0.6253140096618357 0.46294820717131474 0.042334943639291404 0.21199203187250998
1 0.9398550724637681 0.4653386454183267 0.04177133655394534 0.20083665338645418
0 0.5634943639291465 0.46677290836653385 0.04106280193236715 0.25541832669322717
1 0.11764895330112722 0.4673705179282869 0.04149758454106281 0.21278884462151387
1 0.8200644122383253 0.46816733067729094 0.027632850241545933 0.21438247011952197
1 0.49191626409017714 0.4701195219123506 0.0412399355877617 0.17852589641434263
0 0.2416425120772947 0.4787250996015936 0.051932367149758456 0.21557768924302795
1 0.7433494363929146 0.4797211155378486 0.03682769726247988 0.213585657370518
0 0.10735909822866345 0.7550996015936255 0.043526570048309184 0.2145418326693228
0 0.039484702093397744 0.7602788844621514 0.04560386473429952 0.21693227091633463
1 0.8133011272141708 0.7604780876494024 0.052753623188405874 0.1974103585657371
1 0.6361191626409017 0.7839840637450199 0.03592592592592584 0.20462151394422315
0 0.8916264090177134 0.7839840637450199 0.040338164251207655 0.2524302788844622
0 0.5671175523349437 0.7869721115537849 0.04669887278582931 0.23051792828685264
0 0.7583091787439614 0.7879681274900399 0.044235104669887323 0.26039840637450207
1 0.6935104669887279 0.7887649402390438 0.03861513687600647 0.1982470119521912
1 0.17972624798711756 0.7975298804780877 0.03842190016103057 0.21577689243027875
1 0.3704347826086956 0.8005179282868526 0.03821256038647346 0.22573705179282855
1 0.49618357487922704 0.8049003984063745 0.041723027375201234 0.22653386454183272
1 0.9503220611916263 0.8064940239043825 0.033719806763285114 0.2297211155378485
0 0.23576489533011272 0.8068924302788845 0.03454106280193235 0.2384860557768925
1 0.4360547504025765 0.8166533864541832 0.042222222222222265 0.22215139442231072
1 0.30523349436392916 0.8174501992031873 0.03983896940418681 0.23968127490039828