0 0.18028846153846154 0.4266826923076923 0.036057692307692304 0.23798076923076922
1 0.30528846153846156 0.43990384615384615 0.038461538461538464 0.18990384615384615
1 0.6838942307692307 0.4567307692307692 0.03365384615384615 0.16105769230769232
1 0.8762019230769231 0.46153846153846156 0.052884615384615384 0.24519230769230768
1 0.36778846153846156 0.453125 0.055288461538461536 0.21875
0 0.4362980769230769 0.4567307692307692 0.057692307692307696 0.2548076923076923
1 0.052884615384615384 0.45072115384615385 0.05048076923076923 0.25
1 0.6262019230769231 0.4651442307692308 0.04567307692307692 0.21153846153846154
1 0.9399038461538461 0.4723557692307692 0.04567307692307692 0.20192307692307693
0 0.5637019230769231 0.4675480769230769 0.04567307692307692 0.25721153846153844
1 0.11899038461538461 0.46033653846153844 0.04567307692307692 0.21394230769230768
1 0.8197115384615384 0.47475961538461536 0.03125 0.21394230769230768
1 0.49158653846153844 0.4699519230769231 0.04326923076923077 0.18028846153846154
0 0.24158653846153846 0.4735576923076923 0.055288461538461536 0.21634615384615385
1 0.7427884615384616 0.484375 0.040865384615384616 0.21394230769230768
0 0.10216346153846154 0.7475961538461539 0.04807692307692308 0.21394230769230768
0 0.03485576923076923 0.7524038461538461 0.05048076923076923 0.21634615384615385
1 0.8088942307692307 0.7668269230769231 0.055288461538461536 0.1971153846153846
1 0.6310096153846154 0.7860576923076923 0.038461538461538464 0.20432692307692307
0 0.8870192307692307 0.7908653846153846 0.04567307692307692 0.25240384615384615
0 0.5625 0.7884615384615384 0.05048076923076923 0.23076923076923078
0 0.7536057692307693 0.7932692307692307 0.04807692307692308 0.2620192307692308
1 0.6887019230769231 0.7920673076923077 0.040865384615384616 0.19951923076923078
1 0.17548076923076922 0.7920673076923077 0.04326923076923077 0.21634615384615385
1 0.36538461538461536 0.7980769230769231 0.04326923076923077 0.22596153846153846
1 0.49158653846153844 0.8052884615384616 0.04567307692307692 0.22596153846153846
1 0.9447115384615384 0.8149038461538461 0.038461538461538464 0.23076923076923078
0 0.23076923076923078 0.8016826923076923 0.038461538461538464 0.23798076923076922
1 0.43028846153846156 0.8149038461538461 0.04567307692307692 0.22355769230769232
1 0.29927884615384615 0.8137019230769231 0.04326923076923077 0.2403846153846154