0 0.8245192307692307 0.45552884615384615 0.04807692307692308 0.23798076923076922
1 0.6995192307692307 0.4567307692307692 0.04807692307692308 0.19230769230769232
1 0.32091346153846156 0.43990384615384615 0.040865384615384616 0.16346153846153846
1 0.12860576923076922 0.42908653846153844 0.0673076923076923 0.24759615384615385
1 0.6358173076923077 0.4651442307692308 0.0673076923076923 0.22115384615384615
0 0.5673076923076923 0.46274038461538464 0.07211538461538461 0.25721153846153844
1 0.9495192307692307 0.49038461538461536 0.0625 0.25240384615384615
1 0.37740384615384615 0.4543269230769231 0.057692307692307696 0.21394230769230768
1 0.06370192307692307 0.43509615384615385 0.055288461538461536 0.20432692307692307
0 0.4387019230769231 0.46153846153846156 0.057692307692307696 0.25721153846153844
1 0.8834134615384616 0.49399038461538464 0.057692307692307696 0.21634615384615385
1 0.18269230769230768 0.44711538461538464 0.04326923076923077 0.21634615384615385
1 0.5108173076923077 0.47115384615384615 0.052884615384615384 0.18269230769230768
0 0.7596153846153846 0.4963942307692308 0.0673076923076923 0.21875
1 0.25961538461538464 0.46274038461538464 0.052884615384615384 0.21634615384615385
0 0.8737980769230769 0.78125 0.057692307692307696 0.21634615384615385
0 0.9411057692307693 0.7920673076923077 0.06009615384615385 0.21875
1 0.16826923076923078 0.7379807692307693 0.0673076923076923 0.19951923076923078
1 0.3449519230769231 0.7740384615384616 0.05048076923076923 0.20673076923076922
0 0.0889423076923077 0.7560096153846154 0.057692307692307696 0.2548076923076923
0 0.41225961538461536 0.7824519230769231 0.0625 0.23317307692307693
0 0.22235576923076922 0.7692307692307693 0.0625 0.2644230769230769
1 0.28725961538461536 0.7740384615384616 0.052884615384615384 0.19951923076923078
1 0.7980769230769231 0.8197115384615384 0.052884615384615384 0.21875
1 0.6081730769230769 0.8088942307692307 0.055288461538461536 0.2283653846153846
1 0.48197115384615385 0.8052884615384616 0.057692307692307696 0.2283653846153846
1 0.028846153846153848 0.7740384615384616 0.05048076923076923 0.23076923076923078
0 0.7427884615384616 0.8245192307692307 0.05048076923076923 0.2403846153846154
1 0.5420673076923077 0.8197115384615384 0.057692307692307696 0.22355769230769232
1 0.671875 0.8305288461538461 0.055288461538461536 0.2403846153846154