0 0.8185096153846154 0.421875 0.040865384615384616 0.23798076923076922
1 0.6935096153846154 0.4362980769230769 0.040865384615384616 0.18990384615384615
1 0.3161057692307692 0.45913461538461536 0.036057692307692304 0.16105769230769232
1 0.12379807692307693 0.46875 0.057692307692307696 0.24519230769230768
1 0.6322115384615384 0.45072115384615385 0.06009615384615385 0.21875
0 0.5637019230769231 0.45552884615384615 0.0625 0.2548076923076923
1 0.9471153846153846 0.44350961538461536 0.055288461538461536 0.25
1 0.3737980769230769 0.4675480769230769 0.05048076923076923 0.21394230769230768
1 0.05889423076923077 0.4807692307692308 0.04807692307692308 0.20192307692307693
0 0.43509615384615385 0.46875 0.05048076923076923 0.25721153846153844
1 0.8810096153846154 0.4543269230769231 0.05048076923076923 0.21394230769230768
1 0.17908653846153846 0.4795673076923077 0.036057692307692304 0.21394230769230768
1 0.5072115384615384 0.4699519230769231 0.04807692307692308 0.18028846153846154
0 0.7572115384615384 0.4699519230769231 0.06009615384615385 0.21634615384615385
1 0.25721153846153844 0.4879807692307692 0.04567307692307692 0.21394230769230768
0 0.9014423076923077 0.7403846153846154 0.05048076923076923 0.21634615384615385
0 0.96875 0.7451923076923077 0.052884615384615384 0.21875
1 0.19591346153846154 0.7716346153846154 0.06009615384615385 0.19951923076923078
1 0.3737980769230769 0.7884615384615384 0.04326923076923077 0.20432692307692307
0 0.11778846153846154 0.796875 0.05048076923076923 0.2548076923076923
0 0.4423076923076923 0.7896634615384616 0.055288461538461536 0.23317307692307693
0 0.25240384615384615 0.796875 0.052884615384615384 0.2620192307692308
1 0.3161057692307692 0.7944711538461539 0.04567307692307692 0.19951923076923078
1 0.8293269230769231 0.7872596153846154 0.04567307692307692 0.21875
1 0.640625 0.7956730769230769 0.04567307692307692 0.2283653846153846
1 0.5144230769230769 0.8052884615384616 0.05048076923076923 0.2283653846153846
1 0.06009615384615385 0.8221153846153846 0.040865384615384616 0.23076923076923078
0 0.7752403846153846 0.796875 0.04326923076923077 0.23798076923076922
1 0.5745192307692307 0.8137019230769231 0.05048076923076923 0.22355769230769232
1 0.7055288461538461 0.8100961538461539 0.04807692307692308 0.2403846153846154