0 0.17668269230769232 0.44350961538461536 0.040865384615384616 0.23798076923076922
1 0.3016826923076923 0.45072115384615385 0.040865384615384616 0.18990384615384615
1 0.6814903846153846 0.44711538461538464 0.036057692307692304 0.16105769230769232
1 0.8737980769230769 0.4423076923076923 0.057692307692307696 0.24519230769230768
1 0.36538461538461536 0.46033653846153844 0.06009615384615385 0.21875
0 0.4338942307692308 0.46033653846153844 0.0625 0.2548076923076923
1 0.05048076923076923 0.47475961538461536 0.055288461538461536 0.25
1 0.6237980769230769 0.4579326923076923 0.05048076923076923 0.21394230769230768
1 0.9387019230769231 0.4495192307692308 0.04807692307692308 0.20192307692307693
0 0.5625 0.4639423076923077 0.05048076923076923 0.25721153846153844
1 0.11658653846153846 0.4807692307692308 0.05048076923076923 0.21394230769230768
1 0.8185096153846154 0.4579326923076923 0.036057692307692304 0.21394230769230768
1 0.49038461538461536 0.4699519230769231 0.04807692307692308 0.18028846153846154
0 0.24158653846153846 0.4879807692307692 0.06009615384615385 0.21634615384615385
1 0.7415865384615384 0.47115384615384615 0.04567307692307692 0.21394230769230768
0 0.11658653846153846 0.7680288461538461 0.05048076923076923 0.21634615384615385
0 0.04927884615384615 0.7764423076923077 0.052884615384615384 0.21875
1 0.8221153846153846 0.75 0.06009615384615385 0.19951923076923078
1 0.6454326923076923 0.7788461538461539 0.04326923076923077 0.20432692307692307
0 0.9014423076923077 0.7692307692307693 0.05048076923076923 0.2548076923076923
0 0.5769230769230769 0.7848557692307693 0.055288461538461536 0.23317307692307693
0 0.7680288461538461 0.7788461538461539 0.052884615384615384 0.2620192307692308
1 0.703125 0.78125 0.04567307692307692 0.19951923076923078
1 0.19110576923076922 0.8088942307692307 0.04567307692307692 0.21875
1 0.38100961538461536 0.8052884615384616 0.04567307692307692 0.2283653846153846
1 0.5072115384615384 0.8052884615384616 0.05048076923076923 0.2283653846153846
1 0.9615384615384616 0.7908653846153846 0.040865384615384616 0.23076923076923078
0 0.24639423076923078 0.8161057692307693 0.04326923076923077 0.23798076923076922
1 0.44711538461538464 0.8185096153846154 0.05048076923076923 0.22355769230769232
1 0.3161057692307692 0.8233173076923077 0.04807692307692308 0.2403846153846154