0 0.3557692307692308 0.20793269230769232 0.22355769230769232 0.12980769230769232
1 0.5949519230769231 0.23798076923076922 0.24278846153846154 0.13701923076923078
0 0.6081730769230769 0.36177884615384615 0.2668269230769231 0.13942307692307693
0 0.3389423076923077 0.3545673076923077 0.23557692307692307 0.13942307692307693
0 0.32572115384615385 0.48677884615384615 0.2644230769230769 0.13221153846153846
0 0.5913461538461539 0.5072115384615384 0.23317307692307693 0.1346153846153846
0 0.5817307692307693 0.6466346153846154 0.24759615384615385 0.1346153846153846
1 0.3173076923076923 0.6310096153846154 0.24759615384615385 0.1346153846153846
1 0.5600961538461539 0.7836538461538461 0.2283653846153846 0.12980769230769232
0 0.3004807692307692 0.7788461538461539 0.24278846153846154 0.13701923076923078
1 0.359375 0.07091346153846154 0.2403846153846154 0.13701923076923078
1 0.6129807692307693 0.09134615384615384 0.25 0.1466346153846154
1 0.30528846153846156 0.9086538461538461 0.23076923076923078 0.13942307692307693
0 0.5697115384615384 0.9302884615384616 0.2548076923076923 0.1346153846153846