0 0.6346153846153846 0.203125 0.2283653846153846 0.13701923076923078
1 0.3954326923076923 0.24158653846153846 0.24759615384615385 0.14423076923076922
0 0.3870192307692308 0.36538461538461536 0.2692307692307692 0.14903846153846154
0 0.65625 0.34975961538461536 0.2403846153846154 0.14903846153846154
0 0.6730769230769231 0.4807692307692308 0.2668269230769231 0.14182692307692307
0 0.4098557692307692 0.5108173076923077 0.23798076923076922 0.14423076923076922
0 0.42427884615384615 0.6490384615384616 0.25 0.14423076923076922
1 0.6875 0.6237980769230769 0.25240384615384615 0.14182692307692307
1 0.45072115384615385 0.7860576923076923 0.23076923076923078 0.13701923076923078
0 0.7091346153846154 0.7716346153846154 0.24759615384615385 0.14423076923076922
1 0.6274038461538461 0.06971153846153846 0.24519230769230768 0.13942307692307693
1 0.37259615384615385 0.09495192307692307 0.2548076923076923 0.15625
1 0.7091346153846154 0.9014423076923077 0.23317307692307693 0.1466346153846154
0 0.44711538461538464 0.9290865384615384 0.25961538461538464 0.13701923076923078