0 0.6598557692307693 0.21634615384615385 0.21875 0.1201923076923077
1 0.4182692307692308 0.23317307692307693 0.23798076923076922 0.125
0 0.39903846153846156 0.3557692307692308 0.2620192307692308 0.12740384615384615
0 0.6682692307692307 0.3641826923076923 0.2283653846153846 0.12980769230769232
0 0.6742788461538461 0.4951923076923077 0.25961538461538464 0.1201923076923077
0 0.40865384615384615 0.5024038461538461 0.2283653846153846 0.125
0 0.4110576923076923 0.6418269230769231 0.2403846153846154 0.12259615384615384
1 0.6754807692307693 0.6394230769230769 0.24278846153846154 0.12259615384615384
1 0.4254807692307692 0.7800480769230769 0.22355769230769232 0.1201923076923077
0 0.6838942307692307 0.7884615384615384 0.23798076923076922 0.125
1 0.6634615384615384 0.07932692307692307 0.23317307692307693 0.125
1 0.40865384615384615 0.08533653846153846 0.24278846153846154 0.1346153846153846
1 0.6730769230769231 0.9182692307692307 0.22355769230769232 0.12740384615384615
0 0.40865384615384615 0.9314903846153846 0.24759615384615385 0.1346153846153846