1 0.5709134615384616 0.4651442307692308 0.04326923076923077 0.13221153846153846
1 0.31009615384615385 0.5048076923076923 0.038461538461538464 0.10576923076923077
1 0.6141826923076923 0.4735576923076923 0.04326923076923077 0.10336538461538461
1 0.6586538461538461 0.4699519230769231 0.038461538461538464 0.11057692307692307
1 0.18509615384615385 0.5192307692307693 0.038461538461538464 0.10576923076923077
1 0.3545673076923077 0.5036057692307693 0.036057692307692304 0.12259615384615384
1 0.23798076923076922 0.5192307692307693 0.040865384615384616 0.11298076923076923
0 0.7884615384615384 0.46274038461538464 0.052884615384615384 0.14903846153846154
0 0.39783653846153844 0.5036057692307693 0.038461538461538464 0.13701923076923078
1 0.140625 0.53125 0.0625 0.14182692307692307
1 0.4519230769230769 0.5 0.03365384615384615 0.12259615384615384
1 0.8341346153846154 0.46274038461538464 0.05048076923076923 0.12259615384615384
1 0.7475961538461539 0.47716346153846156 0.04567307692307692 0.12740384615384615
0 0.5204326923076923 0.5024038461538461 0.057692307692307696 0.1466346153846154
0 0.8197115384615384 0.7103365384615384 0.04567307692307692 0.15865384615384615
0 0.4266826923076923 0.7560096153846154 0.040865384615384616 0.1466346153846154
1 0.47716346153846156 0.75 0.038461538461538464 0.13942307692307693
0 0.3798076923076923 0.765625 0.04807692307692308 0.15865384615384615
1 0.2127403846153846 0.7824519230769231 0.03365384615384615 0.09615384615384616
1 0.5528846153846154 0.7487980769230769 0.038461538461538464 0.12740384615384615
0 0.6947115384615384 0.734375 0.036057692307692304 0.13701923076923078
0 0.8689903846153846 0.71875 0.057692307692307696 0.18028846153846154
0 0.33533653846153844 0.7752403846153846 0.04567307692307692 0.13942307692307693
0 0.765625 0.7307692307692307 0.055288461538461536 0.1346153846153846
0 0.6502403846153846 0.7487980769230769 0.04326923076923077 0.10817307692307693
1 0.17307692307692307 0.8004807692307693 0.036057692307692304 0.11538461538461539
0 0.6021634615384616 0.7560096153846154 0.04567307692307692 0.1658653846153846
0 0.8737980769230769 0.07091346153846154 0.04326923076923077 0.12740384615384615
1 0.7319711538461539 0.09375 0.057692307692307696 0.11298076923076923
1 0.6514423076923077 0.10216346153846154 0.04326923076923077 0.10096153846153846
0 0.4387019230769231 0.12620192307692307 0.05048076923076923 0.14423076923076922
1 0.7800480769230769 0.09134615384615384 0.04326923076923077 0.1201923076923077
0 0.9254807692307693 0.07692307692307693 0.04326923076923077 0.1201923076923077
0 0.6057692307692307 0.11538461538461539 0.04567307692307692 0.13221153846153846
1 0.5108173076923077 0.12740384615384615 0.038461538461538464 0.09375
1 0.3004807692307692 0.1502403846153846 0.038461538461538464 0.07932692307692307
0 0.8209134615384616 0.09615384615384616 0.06009615384615385 0.15625
1 0.5600961538461539 0.12620192307692307 0.04326923076923077 0.10096153846153846
0 0.3485576923076923 0.15144230769230768 0.04326923076923077 0.13221153846153846
1 0.17908653846153846 0.16826923076923078 0.03365384615384615 0.10336538461538461
0 0.21995192307692307 0.1658653846153846 0.055288461538461536 0.1201923076923077
1 0.12980769230769232 0.17668269230769232 0.036057692307692304 0.07932692307692307
1 0.09254807692307693 0.18269230769230768 0.038461538461538464 0.09134615384615384
1 0.3894230769230769 0.16105769230769232 0.04807692307692308 0.11298076923076923