0 0.32572115384615385 0.2247596153846154 0.22115384615384615 0.12259615384615384
1 0.5673076923076923 0.22956730769230768 0.2403846153846154 0.12740384615384615
0 0.59375 0.35096153846153844 0.2620192307692308 0.13221153846153846
0 0.3245192307692308 0.37259615384615385 0.23317307692307693 0.13221153846153846
0 0.32572115384615385 0.5048076923076923 0.2620192307692308 0.125
0 0.5913461538461539 0.49759615384615385 0.23076923076923078 0.12740384615384615
0 0.5961538461538461 0.6370192307692307 0.24278846153846154 0.12740384615384615
1 0.3317307692307692 0.6490384615384616 0.24519230769230768 0.125
1 0.5889423076923077 0.7764423076923077 0.22355769230769232 0.12259615384615384
0 0.3317307692307692 0.7980769230769231 0.2403846153846154 0.12740384615384615
1 0.31490384615384615 0.08774038461538461 0.23557692307692307 0.12980769230769232
1 0.5697115384615384 0.08173076923076923 0.24519230769230768 0.13942307692307693
1 0.3485576923076923 0.9266826923076923 0.22596153846153846 0.13221153846153846
0 0.6129807692307693 0.9266826923076923 0.24759615384615385 0.13701923076923078