0 0.7151442307692307 0.2548076923076923 0.23557692307692307 0.15384615384615385
1 0.47596153846153844 0.22235576923076922 0.2548076923076923 0.16346153846153846
0 0.43149038461538464 0.3389423076923077 0.2764423076923077 0.17067307692307693
0 0.6935096153846154 0.4014423076923077 0.24759615384615385 0.1658653846153846
0 0.671875 0.5324519230769231 0.27403846153846156 0.16346153846153846
0 0.4098557692307692 0.4831730769230769 0.24519230769230768 0.16105769230769232
0 0.38341346153846156 0.6201923076923077 0.25721153846153844 0.16105769230769232
1 0.6430288461538461 0.6730769230769231 0.25961538461538464 0.16105769230769232
1 0.36899038461538464 0.7584134615384616 0.23798076923076922 0.15625
0 0.6201923076923077 0.8209134615384616 0.2548076923076923 0.16346153846153846
1 0.7475961538461539 0.12139423076923077 0.25 0.16346153846153846
1 0.4963942307692308 0.08173076923076923 0.2620192307692308 0.16346153846153846
1 0.5829326923076923 0.9314903846153846 0.24278846153846154 0.13701923076923078
0 0.32091346153846156 0.9038461538461539 0.2644230769230769 0.17307692307692307