1 0.5745192307692307 0.47115384615384615 0.03125 0.12980769230769232
1 0.31009615384615385 0.4879807692307692 0.028846153846153848 0.10576923076923077
1 0.6165865384615384 0.4831730769230769 0.03365384615384615 0.10096153846153846
1 0.6610576923076923 0.484375 0.028846153846153848 0.10817307692307693
1 0.18509615384615385 0.49278846153846156 0.03125 0.10336538461538461
1 0.3545673076923077 0.49038461538461536 0.026442307692307692 0.12259615384615384
1 0.23798076923076922 0.4963942307692308 0.03125 0.11298076923076923
0 0.7908653846153846 0.4879807692307692 0.040865384615384616 0.1466346153846154
0 0.39783653846153844 0.49399038461538464 0.026442307692307692 0.13701923076923078
1 0.13942307692307693 0.5 0.05048076923076923 0.13942307692307693
1 0.4519230769230769 0.4963942307692308 0.021634615384615384 0.1201923076923077
1 0.8365384615384616 0.49158653846153844 0.040865384615384616 0.1201923076923077
1 0.7487980769230769 0.4987980769230769 0.036057692307692304 0.125
0 0.5204326923076923 0.5048076923076923 0.04567307692307692 0.14182692307692307
0 0.7992788461538461 0.7379807692307693 0.03365384615384615 0.15625
0 0.4050480769230769 0.7475961538461539 0.028846153846153848 0.1466346153846154
1 0.45552884615384615 0.7475961538461539 0.026442307692307692 0.13701923076923078
0 0.35697115384615385 0.7536057692307693 0.03365384615384615 0.15625
1 0.18990384615384615 0.7572115384615384 0.02403846153846154 0.09375
1 0.53125 0.7524038461538461 0.026442307692307692 0.125
0 0.6742788461538461 0.7512019230769231 0.02403846153846154 0.1346153846153846
0 0.8485576923076923 0.75 0.04326923076923077 0.1778846153846154
0 0.3125 0.7596153846153846 0.03365384615384615 0.13701923076923078
0 0.7451923076923077 0.7524038461538461 0.04326923076923077 0.13221153846153846
0 0.6286057692307693 0.7608173076923077 0.03365384615384615 0.10576923076923077
1 0.14783653846153846 0.7704326923076923 0.026442307692307692 0.11298076923076923
0 0.5793269230769231 0.7644230769230769 0.03125 0.1658653846153846
0 0.9098557692307693 0.10576923076923077 0.03125 0.125
1 0.765625 0.11538461538461539 0.04807692307692308 0.10817307692307693
1 0.6850961538461539 0.11658653846153846 0.03365384615384615 0.0985576923076923
0 0.4723557692307692 0.12139423076923077 0.038461538461538464 0.14182692307692307
1 0.8137019230769231 0.11658653846153846 0.03125 0.11778846153846154
0 0.9603365384615384 0.11538461538461539 0.03365384615384615 0.11778846153846154
0 0.6394230769230769 0.12620192307692307 0.03365384615384615 0.12980769230769232
1 0.5432692307692307 0.12980769230769232 0.03125 0.09134615384615384
1 0.3317307692307692 0.13341346153846154 0.03125 0.07692307692307693
0 0.8557692307692307 0.12620192307692307 0.04567307692307692 0.15384615384615385
1 0.5925480769230769 0.13341346153846154 0.03365384615384615 0.0985576923076923
0 0.3798076923076923 0.13942307692307693 0.03125 0.12980769230769232
1 0.2091346153846154 0.14182692307692307 0.026442307692307692 0.10096153846153846
0 0.25 0.14302884615384615 0.04567307692307692 0.11538461538461539
1 0.15985576923076922 0.14543269230769232 0.03125 0.07692307692307693
1 0.12139423076923077 0.14783653846153846 0.03125 0.0889423076923077
1 0.41947115384615385 0.15264423076923078 0.038461538461538464 0.11057692307692307