0 0.33533653846153844 0.21875 0.21634615384615385 0.11538461538461539
1 0.5769230769230769 0.23197115384615385 0.23677884615384615 0.1201923076923077
0 0.5985576923076923 0.3545673076923077 0.25841346153846156 0.12259615384615384
0 0.3293269230769231 0.36658653846153844 0.2283653846153846 0.125
0 0.32572115384615385 0.4987980769230769 0.25721153846153844 0.11538461538461539
0 0.5913461538461539 0.5012019230769231 0.22596153846153846 0.1201923076923077
0 0.5913461538461539 0.640625 0.23798076923076922 0.11899038461538461
1 0.3269230769230769 0.6430288461538461 0.2403846153846154 0.11778846153846154
1 0.5793269230769231 0.7788461538461539 0.21995192307692307 0.11538461538461539
0 0.32091346153846156 0.7920673076923077 0.23557692307692307 0.1201923076923077
1 0.3293269230769231 0.08173076923076923 0.23197115384615385 0.12139423076923077
1 0.5841346153846154 0.08413461538461539 0.24158653846153846 0.13221153846153846
1 0.33413461538461536 0.9206730769230769 0.22235576923076922 0.12379807692307693
0 0.5985576923076923 0.9302884615384616 0.2439903846153846 0.12860576923076922