0 0.38100961538461536 0.19591346153846154 0.23076923076923078 0.1466346153846154
1 0.6177884615384616 0.24759615384615385 0.25240384615384615 0.15625
0 0.6201923076923077 0.3713942307692308 0.27403846153846156 0.16105769230769232
0 0.35216346153846156 0.34134615384615385 0.24278846153846154 0.15865384615384615
0 0.328125 0.47115384615384615 0.27163461538461536 0.15384615384615385
0 0.5901442307692307 0.515625 0.24278846153846154 0.15384615384615385
0 0.5685096153846154 0.6526442307692307 0.2548076923076923 0.15384615384615385
1 0.30649038461538464 0.6141826923076923 0.2548076923076923 0.15384615384615385
1 0.5348557692307693 0.7872596153846154 0.23557692307692307 0.14903846153846154
0 0.2776442307692308 0.7608173076923077 0.25240384615384615 0.15625
1 0.39663461538461536 0.06971153846153846 0.25 0.13942307692307693
1 0.6478365384615384 0.10216346153846154 0.25961538461538464 0.16826923076923078
1 0.2704326923076923 0.8894230769230769 0.23798076923076922 0.15865384615384615
0 0.53125 0.9266826923076923 0.2644230769230769 0.14182692307692307