1 0.42582781456953644 0.4718181818181818 0.030022075055187687 0.12909090909090906
1 0.6896467991169979 0.4841991341991342 0.027991169977924835 0.1043290043290043
1 0.38346578366445916 0.48584415584415586 0.032737306843267075 0.10103896103896105
1 0.3387858719646799 0.48627705627705625 0.027483443708609247 0.10848484848484849
1 0.8153421633554084 0.48688311688311686 0.028852097130242935 0.10311688311688309
1 0.6450772626931568 0.48792207792207787 0.024613686534216285 0.12168831168831162
1 0.7616335540838852 0.490995670995671 0.0290507726269315 0.11134199134199134
0 0.20951434878587197 0.4922943722943723 0.0377262693156733 0.14679653679653684
0 0.6021854304635762 0.4929004329004329 0.024172185430463677 0.1356709956709957
1 0.8603311258278146 0.49432900432900434 0.048211920529801396 0.13774891774891773
1 0.548167770419426 0.4951515151515151 0.020794701986755003 0.1196103896103896
1 0.1632671081677704 0.4974458874458874 0.03794701986754966 0.11999999999999994
1 0.2513465783664459 0.5036363636363637 0.033090507726269335 0.12415584415584419
0 0.47931567328918323 0.5044588744588745 0.04284768211920535 0.1422943722943723
0 0.2039514348785872 0.7427705627705629 0.030176600441501077 0.15614718614718612
0 0.6001766004415011 0.7458874458874459 0.026490066225165563 0.14584415584415583
1 0.5497350993377483 0.7462770562770562 0.023951434878587245 0.1367965367965369
0 0.6480132450331126 0.7510389610389611 0.03172185430463577 0.15614718614718612
1 0.8150331125827814 0.7512554112554112 0.023178807947019868 0.09389610389610388
1 0.47364238410596027 0.752077922077922 0.024768211920529862 0.12523809523809526
0 0.3310154525386313 0.7535064935064936 0.022008830022075116 0.13471861471861474
0 0.1556953642384106 0.7554112554112554 0.03942604856512143 0.1783116883116883
0 0.6919426048565122 0.7564069264069264 0.03130242825607053 0.1371861471861472
0 0.2596467991169978 0.757012987012987 0.04070640176600441 0.13181818181818178
0 0.37589403973509933 0.7634632034632035 0.031059602649006608 0.10610389610389606
1 0.856644591611479 0.7642424242424242 0.024039735099337718 0.11324675324675336
0 0.4252980132450331 0.7652813852813853 0.028962472406181026 0.16510822510822504
0 0.08295805739514349 0.11324675324675325 0.030353200883002206 0.12476190476190477
1 0.22675496688741723 0.11965367965367965 0.0455187637969095 0.10787878787878788
1 0.30779249448123625 0.12004329004329005 0.03271523178807945 0.09878787878787879
0 0.5214569536423841 0.12151515151515152 0.03635761589403967 0.1412554112554113
1 0.17871964679911698 0.12294372294372294 0.030176600441501077 0.11774891774891776
0 0.03262693156732892 0.12376623376623376 0.03222958057395143 0.11610389610389611
0 0.3549889624724062 0.12809523809523807 0.0329580573951435 0.12805194805194803
1 0.451037527593819 0.13056277056277057 0.030022075055187687 0.09012987012987013
1 0.6622075055187638 0.13077922077922077 0.030286975717439355 0.07731601731601731
0 0.13878587196467992 0.1322077922077922 0.04278145695364239 0.1528138528138528
1 0.4016556291390728 0.13471861471861474 0.03211920529801327 0.09835497835497836
0 0.6144812362030906 0.13735930735930735 0.02902869757174388 0.1301298701298701
1 0.785187637969095 0.13757575757575757 0.0240176600441501 0.1008225108225108
0 0.7441942604856512 0.13839826839826838 0.042913907284768335 0.11567099567099566
1 0.8340618101545253 0.13987012987012987 0.029293598233995546 0.0756709956709957
1 0.8724061810154525 0.14233766233766235 0.030353200883002206 0.08722943722943721
1 0.5742384105960264 0.15099567099567102 0.035938189845474554 0.11112554112554113