0 0.6838942307692307 0.23076923076923078 0.22355769230769232 0.12980769230769232
1 0.4423076923076923 0.22716346153846154 0.24519230769230768 0.13701923076923078
0 0.41225961538461536 0.3485576923076923 0.2668269230769231 0.13942307692307693
0 0.6790865384615384 0.3786057692307692 0.23557692307692307 0.14182692307692307
0 0.6742788461538461 0.5108173076923077 0.2644230769230769 0.13221153846153846
0 0.40865384615384615 0.4951923076923077 0.23317307692307693 0.1346153846153846
0 0.39903846153846156 0.6334134615384616 0.24519230769230768 0.1346153846153846
1 0.6622596153846154 0.6550480769230769 0.24759615384615385 0.1346153846153846
1 0.4014423076923077 0.7728365384615384 0.2283653846153846 0.12980769230769232
0 0.6586538461538461 0.8040865384615384 0.24278846153846154 0.13701923076923078
1 0.6995192307692307 0.09495192307692307 0.2403846153846154 0.13701923076923078
1 0.44471153846153844 0.07932692307692307 0.25 0.14903846153846154
1 0.6358173076923077 0.9290865384615384 0.23317307692307693 0.13701923076923078
0 0.3713942307692308 0.921875 0.25240384615384615 0.14423076923076922