0 0.6971153846153846 0.2403846153846154 0.2283653846153846 0.14182692307692307
1 0.4567307692307692 0.2247596153846154 0.25 0.14903846153846154
0 0.41947115384615385 0.34375 0.27163461538461536 0.15384615384615385
0 0.6850961538461539 0.38822115384615385 0.24278846153846154 0.15144230769230768
0 0.6730769230769231 0.5204326923076923 0.2692307692307692 0.1466346153846154
0 0.40865384615384615 0.49038461538461536 0.23798076923076922 0.1466346153846154
0 0.3918269230769231 0.6286057692307693 0.25 0.1466346153846154
1 0.6538461538461539 0.6634615384615384 0.25240384615384615 0.1466346153846154
1 0.3870192307692308 0.7668269230769231 0.23317307692307693 0.14182692307692307
0 0.6418269230769231 0.8112980769230769 0.24759615384615385 0.14903846153846154
1 0.7199519230769231 0.10576923076923077 0.24519230769230768 0.14903846153846154
1 0.4675480769230769 0.07932692307692307 0.25721153846153844 0.15865384615384615
1 0.6141826923076923 0.9302884615384616 0.23798076923076922 0.1346153846153846
0 0.34975961538461536 0.9146634615384616 0.25721153846153844 0.15625