0 0.6442307692307693 0.20793269230769232 0.22355769230769232 0.12980769230769232
1 0.4050480769230769 0.23798076923076922 0.24519230769230768 0.13701923076923078
0 0.3918269230769231 0.36177884615384615 0.2668269230769231 0.13942307692307693
0 0.6610576923076923 0.3545673076923077 0.23557692307692307 0.14182692307692307
0 0.6742788461538461 0.48677884615384615 0.2644230769230769 0.13221153846153846
0 0.40865384615384615 0.5072115384615384 0.23317307692307693 0.1346153846153846
0 0.4182692307692308 0.6466346153846154 0.24519230769230768 0.1346153846153846
1 0.6826923076923077 0.6310096153846154 0.24759615384615385 0.1346153846153846
1 0.43990384615384615 0.7836538461538461 0.2283653846153846 0.12980769230769232
0 0.6995192307692307 0.7788461538461539 0.24278846153846154 0.13701923076923078
1 0.640625 0.07091346153846154 0.2403846153846154 0.13701923076923078
1 0.3870192307692308 0.09134615384615384 0.25 0.14903846153846154
1 0.6947115384615384 0.9086538461538461 0.23076923076923078 0.13942307692307693
0 0.4326923076923077 0.9302884615384616 0.2548076923076923 0.1346153846153846