1 0.4206730769230769 0.49038461538461536 0.057692307692307696 0.13221153846153846
1 0.6814903846153846 0.4423076923076923 0.05048076923076923 0.10817307692307693
1 0.38341346153846156 0.5120192307692307 0.055288461538461536 0.10576923076923077
1 0.3401442307692308 0.5228365384615384 0.05048076923076923 0.11057692307692307
1 0.8040865384615384 0.41586538461538464 0.05048076923076923 0.10817307692307693
1 0.6394230769230769 0.45552884615384615 0.05048076923076923 0.12259615384615384
1 0.7536057692307693 0.4326923076923077 0.052884615384615384 0.11538461538461539
0 0.21514423076923078 0.5588942307692307 0.06971153846153846 0.15144230769230768
0 0.5973557692307693 0.4699519230769231 0.052884615384615384 0.13701923076923078
1 0.8497596153846154 0.41346153846153844 0.07692307692307693 0.1466346153846154
1 0.5456730769230769 0.484375 0.04807692307692308 0.12259615384615384
1 0.171875 0.5733173076923077 0.06490384615384616 0.125
1 0.25841346153846156 0.5588942307692307 0.06009615384615385 0.12740384615384615
0 0.4807692307692308 0.5096153846153846 0.07451923076923077 0.14903846153846154
0 0.2668269230769231 0.8028846153846154 0.06490384615384616 0.15865384615384615
0 0.6526442307692307 0.7175480769230769 0.057692307692307696 0.1466346153846154
1 0.6033653846153846 0.7295673076923077 0.055288461538461536 0.13942307692307693
0 0.7007211538461539 0.7115384615384616 0.06490384615384616 0.15865384615384615
1 0.8629807692307693 0.6742788461538461 0.04326923076923077 0.09615384615384616
1 0.53125 0.7524038461538461 0.052884615384615384 0.12740384615384615
0 0.3918269230769231 0.7848557692307693 0.05048076923076923 0.13701923076923078
0 0.22235576923076922 0.8269230769230769 0.07932692307692307 0.18269230769230768
0 0.7451923076923077 0.7067307692307693 0.06009615384615385 0.13942307692307693
0 0.3233173076923077 0.8052884615384616 0.06971153846153846 0.13701923076923078
0 0.4387019230769231 0.7848557692307693 0.055288461538461536 0.11057692307692307
1 0.9074519230769231 0.6778846153846154 0.04807692307692308 0.11538461538461539
0 0.48677884615384615 0.7752403846153846 0.06490384615384616 0.1658653846153846
0 0.016826923076923076 0.21514423076923078 0.03365384615384615 0.12740384615384615
1 0.14903846153846154 0.19110576923076922 0.06971153846153846 0.11538461538461539
1 0.22716346153846154 0.17307692307692307 0.052884615384615384 0.10336538461538461
0 0.4362980769230769 0.12620192307692307 0.0673076923076923 0.1466346153846154
1 0.10216346153846154 0.20432692307692307 0.055288461538461536 0.12259615384615384
0 0.27524038461538464 0.17067307692307693 0.06009615384615385 0.13221153846153846
1 0.36899038461538464 0.15144230769230768 0.05048076923076923 0.09375
1 0.5745192307692307 0.10336538461538461 0.04567307692307692 0.08173076923076923
0 0.06490384615384616 0.22355769230769232 0.07692307692307693 0.15865384615384615
1 0.32211538461538464 0.1658653846153846 0.052884615384615384 0.10336538461538461
0 0.5300480769230769 0.1201923076923077 0.057692307692307696 0.13221153846153846
1 0.6959134615384616 0.08173076923076923 0.04567307692307692 0.10336538461538461
0 0.65625 0.09254807692307693 0.0673076923076923 0.12259615384615384
1 0.7439903846153846 0.0733173076923077 0.04567307692307692 0.07932692307692307
1 0.7824519230769231 0.0673076923076923 0.04807692307692308 0.09134615384615384
1 0.49399038461538464 0.14302884615384615 0.06009615384615385 0.11538461538461539