0 0.3918269230769231 0.19230769230769232 0.23557692307692307 0.15384615384615385
1 0.6262019230769231 0.2512019230769231 0.2548076923076923 0.16346153846153846
0 0.625 0.3762019230769231 0.2764423076923077 0.17067307692307693
0 0.3581730769230769 0.33653846153846156 0.24759615384615385 0.1658653846153846
0 0.3293269230769231 0.4651442307692308 0.27403846153846156 0.16346153846153846
0 0.5889423076923077 0.5180288461538461 0.24519230769230768 0.16105769230769232
0 0.5625 0.6550480769230769 0.25721153846153844 0.16105769230769232
1 0.30288461538461536 0.6069711538461539 0.25961538461538464 0.16105769230769232
1 0.5252403846153846 0.7884615384615384 0.23798076923076922 0.15625
0 0.26802884615384615 0.7524038461538461 0.2548076923076923 0.16346153846153846
1 0.41225961538461536 0.06971153846153846 0.25240384615384615 0.13942307692307693
1 0.6622596153846154 0.10817307692307693 0.2620192307692308 0.17548076923076922
1 0.25721153846153844 0.8810096153846154 0.24278846153846154 0.16346153846153846
0 0.515625 0.9254807692307693 0.2668269230769231 0.14423076923076922