0 0.3449519230769231 0.2127403846153846 0.22115384615384615 0.12259615384615384
1 0.5865384615384616 0.234375 0.2403846153846154 0.12740384615384615
0 0.6033653846153846 0.3581730769230769 0.2620192307692308 0.13221153846153846
0 0.33413461538461536 0.3605769230769231 0.23317307692307693 0.13221153846153846
0 0.32572115384615385 0.49278846153846156 0.2620192307692308 0.125
0 0.5913461538461539 0.5048076923076923 0.23076923076923078 0.12740384615384615
0 0.5865384615384616 0.6442307692307693 0.24278846153846154 0.12740384615384615
1 0.32211538461538464 0.6370192307692307 0.24519230769230768 0.125
1 0.5697115384615384 0.78125 0.22355769230769232 0.12259615384615384
0 0.3112980769230769 0.7860576923076923 0.2403846153846154 0.12740384615384615
1 0.34375 0.07572115384615384 0.23557692307692307 0.12980769230769232
1 0.5985576923076923 0.08774038461538461 0.24519230769230768 0.13942307692307693
1 0.31971153846153844 0.9146634615384616 0.22596153846153846 0.13221153846153846
0 0.5841346153846154 0.9314903846153846 0.25 0.13221153846153846