0 0.6742788461538461 0.2247596153846154 0.22115384615384615 0.12259615384615384
1 0.4326923076923077 0.22956730769230768 0.2403846153846154 0.12740384615384615
0 0.40625 0.35096153846153844 0.2620192307692308 0.13221153846153846
0 0.6754807692307693 0.37259615384615385 0.23317307692307693 0.13221153846153846
0 0.6742788461538461 0.5048076923076923 0.2620192307692308 0.125
0 0.40865384615384615 0.49759615384615385 0.23076923076923078 0.12740384615384615
0 0.40384615384615385 0.6370192307692307 0.24278846153846154 0.12740384615384615
1 0.6682692307692307 0.6490384615384616 0.24519230769230768 0.125
1 0.4110576923076923 0.7764423076923077 0.22355769230769232 0.12259615384615384
0 0.6682692307692307 0.7980769230769231 0.2403846153846154 0.12740384615384615
1 0.6850961538461539 0.08774038461538461 0.23557692307692307 0.12980769230769232
1 0.43028846153846156 0.08173076923076923 0.24519230769230768 0.13942307692307693
1 0.6514423076923077 0.9266826923076923 0.22596153846153846 0.13221153846153846
0 0.3870192307692308 0.9266826923076923 0.24759615384615385 0.13701923076923078