0 0.33554347826086955 0.21914937759336098 0.2165398550724638 0.11566390041493776
1 0.5769021739130434 0.23159751037344398 0.23730072463768118 0.11981327800829876
0 0.5988586956521739 0.35477178423236516 0.2585688405797102 0.12240663900414937
0 0.3298731884057971 0.36618257261410786 0.22786231884057973 0.12448132780082988
0 0.32625 0.49923236514522823 0.25684782608695655 0.11566390041493776
0 0.5918478260869565 0.5013070539419087 0.2255253623188406 0.11981327800829876
0 0.5909420289855072 0.6408298755186722 0.23820652173913046 0.1187759336099585
1 0.32715579710144926 0.6431535269709544 0.2405434782608696 0.11825726141078838
1 0.5798369565217392 0.7793153526970954 0.2205434782608696 0.11566390041493776
0 0.3203804347826087 0.7917634854771785 0.23601449275362324 0.11981327800829876
1 0.32965579710144927 0.08170124481327799 0.2319384057971015 0.12085062240663899
1 0.5836956521739131 0.0845435684647303 0.24181159420289858 0.13174273858921162
1 0.33418478260869566 0.9206431535269709 0.22288043478260872 0.12344398340248963
0 0.598641304347826 0.9307676348547718 0.24452898550724642 0.12811203319502074