0 0.6394230769230769 0.20552884615384615 0.22596153846153846 0.1346153846153846
1 0.40024038461538464 0.23918269230769232 0.24519230769230768 0.13942307692307693
0 0.3894230769230769 0.3641826923076923 0.2692307692307692 0.14423076923076922
0 0.6586538461538461 0.35216346153846156 0.23798076923076922 0.14423076923076922
0 0.6730769230769231 0.4831730769230769 0.2668269230769231 0.13701923076923078
0 0.40865384615384615 0.5096153846153846 0.23557692307692307 0.13942307692307693
0 0.4206730769230769 0.6478365384615384 0.24759615384615385 0.13942307692307693
1 0.6850961538461539 0.6274038461538461 0.25 0.13942307692307693
1 0.44471153846153844 0.7848557692307693 0.2283653846153846 0.1346153846153846
0 0.7043269230769231 0.7752403846153846 0.24519230769230768 0.13942307692307693
1 0.6346153846153846 0.07091346153846154 0.24519230769230768 0.14182692307692307
1 0.3798076923076923 0.09254807692307693 0.25240384615384615 0.15384615384615385
1 0.7019230769230769 0.9050480769230769 0.23317307692307693 0.14182692307692307
0 0.4411057692307692 0.9302884615384616 0.25721153846153844 0.1346153846153846