0 0.4969296375266525 0.025798525798525797 0.04019189765458427 0.051597051597051594
1 0.9581236673773987 0.24724815724815724 0.052857142857142776 0.10417690417690419
1 0.13432835820895522 0.27164619164619164 0.09865671641791048 0.06336609336609335
0 0.7209594882729211 0.2908845208845209 0.1265245202558636 0.03739557739557739
0 0.27377398720682306 0.3337100737100737 0.09140724946695097 0.060515970515970505
1 0.973411513859275 0.339017199017199 0.033667377398720603 0.06808353808353806
0 0.5690618336886993 0.3578378378378378 0.092046908315565 0.09592137592137594
0 0.13486140724946696 0.362997542997543 0.12245202558635396 0.09044226044226045
0 0.7515138592750532 0.41950859950859953 0.09383795309168441 0.09140049140049138
1 0.27769722814498937 0.4342751842751843 0.07791044776119405 0.08557739557739553
1 0.595181236673774 0.4781081081081081 0.07957356076759073 0.09953316953316951
0 0.1250959488272921 0.4897788697788698 0.08869936034115138 0.06963144963144957
0 0.897547974413646 0.05248157248157248 0.06317697228144989 0.05555282555282555
1 0.24784648187633262 0.05393120393120393 0.060852878464818745 0.0660933660933661
1 0.7939658848614073 0.5364619164619164 0.07991471215351817 0.0647420147420148
0 0.3018550106609808 0.5526535626535627 0.11200426439232407 0.1012039312039312
1 0.6646268656716418 0.056609336609336605 0.07710021321961613 0.0673218673218673
1 0.6333901918976546 0.6014004914004915 0.08208955223880597 0.08235872235872238
0 0.15742004264392323 0.6204422604422604 0.08799573560767593 0.07707616707616702
1 0.7914925373134328 0.6296560196560196 0.06782515991471204 0.0422604422604423
0 0.2997228144989339 0.6861916461916461 0.10773987206823026 0.0734398034398034
1 0.6557569296375266 0.6974447174447175 0.07569296375266525 0.08368550368550355
0 0.672452025586354 0.007371007371007371 0.006759061833688612 0.014742014742014743
0 0.10501066098081023 0.07461916461916462 0.11633262260127933 0.054226044226044226
1 0.5427718550106609 0.07565110565110565 0.07424307036247339 0.06857493857493857
0 0.8403411513859275 0.7402457002457001 0.11223880597014922 0.0996805896805898
0 0.1455223880597015 0.7521375921375921 0.08692963752665248 0.0824815724815726
0 0.3196162046908316 0.8330466830466831 0.11910447761194033 0.10095823095823103
1 0.6806396588486141 0.8475675675675676 0.11123667377398712 0.10137592137592136
0 0.8684008528784648 0.8979606879606881 0.1186140724946695 0.07928746928746924
0 0.14658848614072495 0.9184275184275185 0.09189765458422174 0.07110565110565124
1 0.2906609808102345 0.951007371007371 0.05765458422174841 0.09120393120393122
0 0.7298507462686568 0.9618673218673219 0.10164179104477603 0.07604422604422616
0 0.8581023454157782 0.9834152334152334 0.06247334754797432 0.033169533169533166
0 0.251407249466951 0.12132678132678133 0.08217484008528786 0.08211302211302211
1 0.6891471215351812 0.1309336609336609 0.09059701492537316 0.0727027027027027
1 0.9167377398720682 0.15324324324324323 0.08733475479744145 0.05058968058968058
0 0.1266950959488273 0.1594103194103194 0.11748400852878464 0.0845945945945946
1 0.5418763326226013 0.16044226044226043 0.07247334754797444 0.08255528255528254
1 0.6888059701492537 0.19503685503685503 0.1162046908315565 0.032530712530712554
1 0.30328358208955225 0.019926289926289927 0.04149253731343279 0.010098280098280097
0 0.07249466950959488 0.02383292383292383 0.09038379530916844 0.01815724815724816
0 0.5733262260127931 0.2323095823095823 0.055778251599147115 0.050221130221130214
0 0.2883582089552239 0.23294840294840297 0.07078891257995733 0.07194103194103195