0 0.3737980769230769 0.04326923076923077 0.052884615384615384 0.0625
1 0.8774038461538461 0.13822115384615385 0.07932692307692307 0.11538461538461539
1 0.08774038461538461 0.3737980769230769 0.11057692307692307 0.08653846153846154
0 0.6598557692307693 0.2403846153846154 0.13221153846153846 0.06971153846153846
0 0.23918269230769232 0.39783653846153844 0.10336538461538461 0.08173076923076923
1 0.9158653846153846 0.22235576923076922 0.05048076923076923 0.07451923076923077
0 0.5300480769230769 0.3449519230769231 0.11538461538461539 0.11778846153846154
0 0.11177884615384616 0.46274038461538464 0.14182692307692307 0.11778846153846154
0 0.7223557692307693 0.35697115384615385 0.11538461538461539 0.11298076923076923
1 0.26802884615384615 0.49399038461538464 0.0985576923076923 0.10336538461538461
1 0.5865384615384616 0.4543269230769231 0.10336538461538461 0.11778846153846154
0 0.1346153846153846 0.5865384615384616 0.10336538461538461 0.09134615384615384
1 0.140625 0.1346153846153846 0.07692307692307693 0.07932692307692307
1 0.7932692307692307 0.45913461538461536 0.09375 0.08413461538461539
0 0.32211538461538464 0.6021634615384616 0.1346153846153846 0.12740384615384615
1 0.5444711538461539 0.036057692307692304 0.09375 0.07211538461538461
1 0.6550480769230769 0.5625 0.10096153846153846 0.10096153846153846
0 0.20072115384615385 0.7043269230769231 0.10576923076923077 0.09615384615384616
1 0.8161057692307693 0.5492788461538461 0.07692307692307693 0.057692307692307696
0 0.3545673076923077 0.7319711538461539 0.12259615384615384 0.0985576923076923
1 0.7019230769230769 0.6502403846153846 0.09375 0.10096153846153846
0 0.037259615384615384 0.19110576923076922 0.07451923076923077 0.08413461538461539
1 0.43149038461538464 0.07932692307692307 0.0889423076923077 0.08653846153846154
0 0.890625 0.6442307692307693 0.1346153846153846 0.125
0 0.22235576923076922 0.8353365384615384 0.10576923076923077 0.10336538461538461
0 0.41225961538461536 0.8677884615384616 0.14182692307692307 0.12740384615384615
1 0.7644230769230769 0.7884615384615384 0.1346153846153846 0.12740384615384615
0 0.9447115384615384 0.7884615384615384 0.10576923076923077 0.11057692307692307
0 0.26802884615384615 0.9735576923076923 0.10817307692307693 0.04807692307692308
1 0.41586538461538464 0.9675480769230769 0.08173076923076923 0.06009615384615385
0 0.8413461538461539 0.8858173076923077 0.11778846153846154 0.0985576923076923
0 0.9663461538461539 0.8737980769230769 0.0625 0.05048076923076923
0 0.1622596153846154 0.19831730769230768 0.10096153846153846 0.10096153846153846
1 0.5865384615384616 0.09495192307692307 0.10576923076923077 0.09375
1 0.8125 0.056490384615384616 0.0985576923076923 0.07211538461538461
0 0.06009615384615385 0.26802884615384615 0.1201923076923077 0.11298076923076923
1 0.453125 0.16105769230769232 0.09134615384615384 0.0985576923076923
1 0.6033653846153846 0.15625 0.1201923076923077 0.0625
1 0.18509615384615385 0.08774038461538461 0.04326923076923077 0.019230769230769232
0 0.5012019230769231 0.22235576923076922 0.0673076923076923 0.0625
0 0.22716346153846154 0.296875 0.08653846153846154 0.0889423076923077