0 0.45913461538461536 0.9591346153846154 0.08173076923076923 0.07692307692307693
0 0.11899038461538461 0.2800480769230769 0.11298076923076923 0.2620192307692308
0 0.015625 0.3401442307692308 0.03125 0.24759615384615385
0 0.4074519230769231 0.27403846153846156 0.11538461538461539 0.2980769230769231
0 0.2620192307692308 0.3137019230769231 0.0985576923076923 0.24278846153846154
0 0.33774038461538464 0.3016826923076923 0.10096153846153846 0.22596153846153846
0 0.5552884615384616 0.2692307692307692 0.12740384615384615 0.2860576923076923
0 0.20192307692307693 0.33533653846153844 0.10336538461538461 0.2644230769230769
0 0.48677884615384615 0.28846153846153844 0.12980769230769232 0.3004807692307692
0 0.056490384615384616 0.3762019230769231 0.11298076923076923 0.25240384615384615
0 0.6466346153846154 0.2860576923076923 0.12259615384615384 0.30288461538461536
0 0.7151442307692307 0.28125 0.12259615384615384 0.28125
0 0.796875 0.2764423076923077 0.1346153846153846 0.30288461538461536
0 0.04927884615384615 0.6045673076923077 0.0985576923076923 0.2620192307692308
0 0.17548076923076922 0.5901442307692307 0.10576923076923077 0.25721153846153844
1 0.1141826923076923 0.6045673076923077 0.10096153846153846 0.2403846153846154
0 0.3762019230769231 0.5625 0.10096153846153846 0.2620192307692308
1 0.2403846153846154 0.5985576923076923 0.08653846153846154 0.23798076923076922
0 0.296875 0.5961538461538461 0.10336538461538461 0.2548076923076923
0 0.4519230769230769 0.5817307692307693 0.10576923076923077 0.28125
0 0.5300480769230769 0.5757211538461539 0.11298076923076923 0.27163461538461536
0 0.6129807692307693 0.5709134615384616 0.11778846153846154 0.2956730769230769
0 0.6802884615384616 0.5757211538461539 0.11057692307692307 0.2548076923076923
0 0.8233173076923077 0.5504807692307693 0.11538461538461539 0.2644230769230769
0 0.7596153846153846 0.5697115384615384 0.11538461538461539 0.2860576923076923