0 0.5480769230769231 0.9591346153846154 0.07692307692307693 0.08173076923076923
0 0.7680288461538461 0.9915865384615384 0.07932692307692307 0.016826923076923076
0 0.8762019230769231 0.27403846153846156 0.11057692307692307 0.2620192307692308
0 0.984375 0.3293269230769231 0.03125 0.24519230769230768
0 0.5877403846153846 0.27283653846153844 0.11057692307692307 0.2980769230769231
0 0.734375 0.31009615384615385 0.09375 0.24278846153846154
0 0.6586538461538461 0.29927884615384615 0.09615384615384616 0.22596153846153846
0 0.43990384615384615 0.2704326923076923 0.125 0.2860576923076923
0 0.7944711538461539 0.33052884615384615 0.0985576923076923 0.2644230769230769
0 0.5096153846153846 0.28846153846153844 0.125 0.3004807692307692
0 0.9435096153846154 0.36658653846153844 0.11057692307692307 0.25
0 0.34975961538461536 0.28846153846153844 0.11778846153846154 0.30288461538461536
0 0.28125 0.2848557692307692 0.11778846153846154 0.28125
0 0.19951923076923078 0.2824519230769231 0.12980769230769232 0.30288461538461536
0 0.953125 0.59375 0.09375 0.25961538461538464
0 0.8257211538461539 0.5841346153846154 0.10096153846153846 0.25721153846153844
1 0.8870192307692307 0.5973557692307693 0.09615384615384616 0.2403846153846154
0 0.6237980769230769 0.5600961538461539 0.09615384615384616 0.25961538461538464
1 0.7608173076923077 0.59375 0.08413461538461539 0.23557692307692307
0 0.7043269230769231 0.59375 0.0985576923076923 0.2548076923076923
0 0.5492788461538461 0.5805288461538461 0.10096153846153846 0.28125
0 0.47115384615384615 0.5757211538461539 0.10817307692307693 0.27163461538461536
0 0.38822115384615385 0.5721153846153846 0.11298076923076923 0.2956730769230769
0 0.32091346153846156 0.578125 0.10817307692307693 0.2548076923076923
0 0.17668269230769232 0.5564903846153846 0.11057692307692307 0.2644230769230769
0 0.24158653846153846 0.5745192307692307 0.11057692307692307 0.2860576923076923