0 0.44350961538461536 0.9591346153846154 0.07932692307692307 0.07692307692307693
0 0.0985576923076923 0.9879807692307693 0.07211538461538461 0.019230769230769232
0 0.22235576923076922 0.9879807692307693 0.07932692307692307 0.019230769230769232
0 0.12740384615384615 0.2668269230769231 0.10576923076923077 0.2620192307692308
0 0.016826923076923076 0.32091346153846156 0.03365384615384615 0.24759615384615385
0 0.41586538461538464 0.27163461538461536 0.10576923076923077 0.2980769230769231
0 0.2692307692307692 0.30528846153846156 0.0889423076923077 0.2403846153846154
0 0.3449519230769231 0.2956730769230769 0.09375 0.22596153846153846
0 0.5637019230769231 0.27163461538461536 0.1201923076923077 0.2860576923076923
0 0.20793269230769232 0.3245192307692308 0.09375 0.2620192307692308
0 0.49399038461538464 0.28846153846153844 0.1201923076923077 0.3004807692307692
0 0.05889423076923077 0.359375 0.10576923076923077 0.24759615384615385
0 0.6538461538461539 0.29086538461538464 0.11298076923076923 0.3004807692307692
0 0.7223557692307693 0.28846153846153844 0.11298076923076923 0.27884615384615385
0 0.8040865384615384 0.28725961538461536 0.125 0.3004807692307692
0 0.04567307692307692 0.5877403846153846 0.09134615384615384 0.2620192307692308
0 0.171875 0.5793269230769231 0.0985576923076923 0.25721153846153844
1 0.11057692307692307 0.5913461538461539 0.09375 0.2403846153846154
0 0.375 0.5576923076923077 0.09375 0.25961538461538464
1 0.23677884615384615 0.5889423076923077 0.07932692307692307 0.23557692307692307
0 0.29447115384615385 0.5901442307692307 0.09615384615384616 0.2548076923076923
0 0.4495192307692308 0.5805288461538461 0.09615384615384616 0.28125
0 0.5276442307692307 0.5757211538461539 0.10576923076923077 0.27163461538461536
0 0.6105769230769231 0.5745192307692307 0.10817307692307693 0.2956730769230769
0 0.6778846153846154 0.5817307692307693 0.10336538461538461 0.2548076923076923
0 0.8221153846153846 0.5612980769230769 0.10817307692307693 0.2644230769230769
0 0.7572115384615384 0.5793269230769231 0.10576923076923077 0.28365384615384615