0 0.6141826923076923 0.9555288461538461 0.06971153846153846 0.08413461538461539
0 0.9615384615384616 0.9627403846153846 0.0625 0.06971153846153846
0 0.8389423076923077 0.9711538461538461 0.07211538461538461 0.052884615384615384
0 0.8413461538461539 0.22355769230769232 0.07451923076923077 0.2548076923076923
0 0.9771634615384616 0.2608173076923077 0.040865384615384616 0.24278846153846154
0 0.5552884615384616 0.26322115384615385 0.07211538461538461 0.2932692307692308
0 0.7055288461538461 0.27884615384615385 0.0625 0.23557692307692307
0 0.6286057692307693 0.27884615384615385 0.0673076923076923 0.21875
0 0.40865384615384615 0.28125 0.08653846153846154 0.27884615384615385
0 0.7680288461538461 0.29086538461538464 0.0625 0.25721153846153844
0 0.4795673076923077 0.28966346153846156 0.08653846153846154 0.2932692307692308
0 0.9206730769230769 0.30649038461538464 0.07692307692307693 0.24278846153846154
0 0.32211538461538464 0.3112980769230769 0.07692307692307693 0.2956730769230769
0 0.2536057692307692 0.3173076923076923 0.08173076923076923 0.27403846153846156
0 0.171875 0.32572115384615385 0.09134615384615384 0.2932692307692308
0 0.9663461538461539 0.53125 0.06490384615384616 0.2548076923076923
0 0.8341346153846154 0.5384615384615384 0.0673076923076923 0.25
1 0.8966346153846154 0.5432692307692307 0.06490384615384616 0.23317307692307693
0 0.6310096153846154 0.5420673076923077 0.0625 0.2548076923076923
1 0.7716346153846154 0.5564903846153846 0.052884615384615384 0.23317307692307693
0 0.7151442307692307 0.5637019230769231 0.06490384615384616 0.24759615384615385
0 0.5600961538461539 0.5733173076923077 0.0625 0.2764423076923077
0 0.48197115384615385 0.5793269230769231 0.07211538461538461 0.2644230769230769
0 0.40024038461538464 0.5877403846153846 0.07451923076923077 0.28846153846153844
0 0.3329326923076923 0.6033653846153846 0.07451923076923077 0.24759615384615385
0 0.18870192307692307 0.5997596153846154 0.07692307692307693 0.25721153846153844
0 0.2536057692307692 0.609375 0.07451923076923077 0.27884615384615385