0 0.6454326923076923 0.9483173076923077 0.06971153846153846 0.0889423076923077
0 0.9783653846153846 0.9350961538461539 0.038461538461538464 0.08173076923076923
0 0.8713942307692307 0.9507211538461539 0.07211538461538461 0.0625
0 0.8209134615384616 0.20072115384615385 0.08413461538461539 0.25721153846153844
0 0.9639423076923077 0.2283653846153846 0.057692307692307696 0.24278846153846154
0 0.5396634615384616 0.25961538461538464 0.08173076923076923 0.2956730769230769
0 0.6899038461538461 0.2644230769230769 0.06971153846153846 0.23798076923076922
0 0.6129807692307693 0.2704326923076923 0.07451923076923077 0.22115384615384615
0 0.3942307692307692 0.28725961538461536 0.09615384615384616 0.28125
0 0.7524038461538461 0.27283653846153844 0.07211538461538461 0.25961538461538464
0 0.4651442307692308 0.29086538461538464 0.09615384615384616 0.2956730769230769
0 0.90625 0.2776442307692308 0.08653846153846154 0.24278846153846154
0 0.3088942307692308 0.3245192307692308 0.08653846153846154 0.2980769230769231
0 0.24158653846153846 0.33533653846153844 0.09134615384615384 0.2764423076923077
0 0.16105769230769232 0.34975961538461536 0.10096153846153846 0.2956730769230769
0 0.9627403846153846 0.5 0.06971153846153846 0.25961538461538464
0 0.8365384615384616 0.5144230769230769 0.07692307692307693 0.25240384615384615
1 0.8990384615384616 0.515625 0.07451923076923077 0.23557692307692307
0 0.6346153846153846 0.5324519230769231 0.07211538461538461 0.25721153846153844
1 0.7752403846153846 0.5372596153846154 0.06009615384615385 0.23317307692307693
0 0.71875 0.5492788461538461 0.07451923076923077 0.25
0 0.5649038461538461 0.5685096153846154 0.07211538461538461 0.27884615384615385
0 0.48677884615384615 0.5805288461538461 0.08173076923076923 0.2668269230769231
0 0.40625 0.59375 0.08413461538461539 0.29086538461538464
0 0.34134615384615385 0.6141826923076923 0.08173076923076923 0.25
0 0.19591346153846154 0.6213942307692307 0.08653846153846154 0.25961538461538464
0 0.2620192307692308 0.6262019230769231 0.08413461538461539 0.28125