0 0.3016826923076923 0.9278846153846154 0.07932692307692307 0.09615384615384616
0 0.07572115384615384 0.9026442307692307 0.07932692307692307 0.06971153846153846
0 0.21754807692307693 0.16346153846153846 0.11298076923076923 0.2620192307692308
0 0.0733173076923077 0.17307692307692307 0.08653846153846154 0.24519230769230768
0 0.49038461538461536 0.25721153846153844 0.11538461538461539 0.2980769230769231
0 0.3401442307692308 0.2439903846153846 0.0985576923076923 0.24278846153846154
0 0.41586538461538464 0.25841346153846156 0.10096153846153846 0.22596153846153846
0 0.6310096153846154 0.3016826923076923 0.12740384615384615 0.2860576923076923
0 0.2764423076923077 0.2439903846153846 0.10336538461538461 0.2644230769230769
0 0.5600961538461539 0.296875 0.12980769230769232 0.3004807692307692
0 0.12379807692307693 0.22956730769230768 0.11298076923076923 0.25
0 0.7103365384615384 0.34975961538461536 0.12259615384615384 0.30288461538461536
0 0.7776442307692307 0.36778846153846156 0.12259615384615384 0.28125
0 0.8545673076923077 0.3918269230769231 0.1346153846153846 0.30288461538461536
0 0.04567307692307692 0.4411057692307692 0.09134615384615384 0.2620192307692308
0 0.16466346153846154 0.4735576923076923 0.10576923076923077 0.25721153846153844
1 0.10216346153846154 0.46634615384615385 0.10096153846153846 0.2403846153846154
0 0.3629807692307692 0.515625 0.10096153846153846 0.2620192307692308
1 0.22235576923076922 0.5036057692307693 0.08653846153846154 0.23798076923076922
0 0.2764423076923077 0.5216346153846154 0.10336538461538461 0.2548076923076923
0 0.4266826923076923 0.5600961538461539 0.10576923076923077 0.28125
0 0.5024038461538461 0.5805288461538461 0.11298076923076923 0.27163461538461536
0 0.5817307692307693 0.6045673076923077 0.11778846153846154 0.2956730769230769
0 0.6442307692307693 0.6322115384615384 0.11057692307692307 0.2548076923076923
0 0.7872596153846154 0.6574519230769231 0.11538461538461539 0.2644230769230769
0 0.7199519230769231 0.6550480769230769 0.11538461538461539 0.2860576923076923