0 0.38822115384615385 0.038461538461538464 0.04807692307692308 0.057692307692307696
1 0.8894230769230769 0.15144230769230768 0.07451923076923077 0.11298076923076923
1 0.09254807692307693 0.359375 0.11057692307692307 0.08413461538461539
0 0.6682692307692307 0.24639423076923078 0.13221153846153846 0.06490384615384616
0 0.24278846153846154 0.3894230769230769 0.10336538461538461 0.07932692307692307
1 0.9254807692307693 0.23677884615384615 0.04807692307692308 0.07451923076923077
0 0.5348557692307693 0.34615384615384615 0.11298076923076923 0.11538461538461539
0 0.11298076923076923 0.4483173076923077 0.13942307692307693 0.11538461538461539
0 0.7271634615384616 0.36538461538461536 0.11298076923076923 0.11057692307692307
1 0.26802884615384615 0.4855769230769231 0.09615384615384616 0.10096153846153846
1 0.5877403846153846 0.4579326923076923 0.0985576923076923 0.11538461538461539
0 0.13221153846153846 0.5733173076923077 0.10336538461538461 0.0889423076923077
1 0.15384615384615385 0.12259615384615384 0.07451923076923077 0.07932692307692307
1 0.7944711538461539 0.46875 0.09134615384615384 0.08173076923076923
0 0.31850961538461536 0.5961538461538461 0.13221153846153846 0.12259615384615384
1 0.5588942307692307 0.036057692307692304 0.0889423076923077 0.07211538461538461
1 0.6526442307692307 0.5685096153846154 0.0985576923076923 0.0985576923076923
0 0.1935096153846154 0.6947115384615384 0.10336538461538461 0.09375
1 0.8137019230769231 0.5612980769230769 0.07451923076923077 0.055288461538461536
0 0.34615384615384615 0.7271634615384616 0.12259615384615384 0.09615384615384616
1 0.6971153846153846 0.6574519230769231 0.09375 0.0985576923076923
0 0.040865384615384616 0.17427884615384615 0.08173076923076923 0.07932692307692307
1 0.44711538461538464 0.07692307692307693 0.0889423076923077 0.08413461538461539
0 0.8858173076923077 0.6574519230769231 0.13221153846153846 0.12259615384615384
0 0.21153846153846154 0.8257211538461539 0.10336538461538461 0.10096153846153846
0 0.39903846153846156 0.8653846153846154 0.13942307692307693 0.125
1 0.7536057692307693 0.7980769230769231 0.13221153846153846 0.12259615384615384
0 0.9411057692307693 0.8040865384615384 0.11778846153846154 0.10336538461538461
0 0.25 0.9711538461538461 0.10576923076923077 0.057692307692307696
1 0.39663461538461536 0.9675480769230769 0.07692307692307693 0.06490384615384616
0 0.8269230769230769 0.8978365384615384 0.11538461538461539 0.09615384615384616
0 0.9579326923076923 0.890625 0.0673076923076923 0.04567307692307692
0 0.171875 0.1875 0.0985576923076923 0.0985576923076923
1 0.6009615384615384 0.0985576923076923 0.10336538461538461 0.09134615384615384
1 0.828125 0.0673076923076923 0.09615384615384616 0.06971153846153846
0 0.0625 0.2512019230769231 0.125 0.10817307692307693
1 0.4639423076923077 0.15865384615384615 0.0889423076923077 0.09615384615384616
1 0.6153846153846154 0.15985576923076922 0.1201923076923077 0.057692307692307696
1 0.19951923076923078 0.07692307692307693 0.04326923076923077 0.019230769230769232
0 0.010817307692307692 0.13221153846153846 0.021634615384615384 0.038461538461538464
0 0.5108173076923077 0.22235576923076922 0.06490384615384616 0.0625
0 0.234375 0.28725961538461536 0.08413461538461539 0.08653846153846154