0 0.379015625 0.95625 0.06437499999999995 0.0875
0 0.030135416666666668 0.9608796296296296 0.060270833333333336 0.07824074074074074
0 0.15248958333333332 0.9701388888888889 0.06965625 0.059722222222222225
0 0.163421875 0.2178240740740741 0.07069270833333334 0.25416666666666665
0 0.022328124999999997 0.25254629629629627 0.04465104166666667 0.24027777777777778
0 0.4477552083333334 0.262037037037037 0.06643749999999997 0.2916666666666667
0 0.29777604166666666 0.27546296296296297 0.058151041666666715 0.2351851851851852
0 0.3753697916666667 0.2763888888888889 0.06333333333333328 0.21851851851851853
0 0.5944739583333334 0.2824074074074074 0.08122916666666669 0.27685185185185185
0 0.23580729166666667 0.2865740740740741 0.059213541666666696 0.2574074074074074
0 0.5239114583333333 0.2898148148148148 0.080734375 0.2916666666666667
0 0.08283854166666667 0.2988425925925926 0.07358333333333332 0.24027777777777778
0 0.6811770833333333 0.3143518518518518 0.07234895833333325 0.29444444444444445
0 0.7497864583333332 0.32175925925925924 0.07675520833333328 0.2722222222222222
0 0.830890625 0.33194444444444443 0.08532291666666675 0.29259259259259257
0 0.033755208333333335 0.5233796296296296 0.061359375 0.25416666666666665
0 0.164984375 0.5328703703703703 0.06340104166666667 0.25
1 0.10250000000000001 0.5358796296296297 0.061338541666666656 0.23287037037037037
0 0.3678177083333333 0.5398148148148149 0.05760937499999995 0.25462962962962965
1 0.22773958333333333 0.5513888888888889 0.048281250000000026 0.23148148148148148
0 0.28371875 0.5597222222222222 0.061281250000000016 0.24814814814814815
0 0.43838020833333335 0.5715277777777777 0.05810937499999997 0.2763888888888889
0 0.5164895833333334 0.5796296296296296 0.06850000000000005 0.2638888888888889
0 0.598640625 0.5893518518518519 0.06873437499999989 0.28888888888888886
0 0.6645156249999999 0.6060185185185185 0.07027083333333337 0.24814814814814815
0 0.8101927083333333 0.6060185185185185 0.0725677083333333 0.25555555555555554
0 0.7444479166666667 0.6136574074074074 0.06868750000000005 0.2773148148148148