0 0.4387019230769231 0.028846153846153848 0.04567307692307692 0.055288461538461536
1 0.021634615384615384 0.3125 0.04326923076923077 0.11057692307692307
1 0.8305288461538461 0.22355769230769232 0.10576923076923077 0.07692307692307693
0 0.25240384615384615 0.3233173076923077 0.12980769230769232 0.055288461538461536
0 0.7007211538461539 0.30408653846153844 0.0985576923076923 0.07211538461538461
1 0.014423076923076924 0.40625 0.028846153846153848 0.07211538461538461
0 0.41225961538461536 0.36899038461538464 0.10576923076923077 0.10817307692307693
0 0.8425480769230769 0.3137019230769231 0.1346153846153846 0.10576923076923077
0 0.2403846153846154 0.45552884615384615 0.10576923076923077 0.10336538461538461
1 0.7115384615384616 0.40384615384615385 0.0889423076923077 0.09615384615384616
1 0.4026442307692308 0.49158653846153844 0.09134615384615384 0.11057692307692307
0 0.8701923076923077 0.4375 0.0985576923076923 0.08173076923076923
0 0.04326923076923077 0.11298076923076923 0.06971153846153846 0.0625
1 0.6862980769230769 0.030048076923076924 0.06971153846153846 0.06009615384615385
1 0.21394230769230768 0.5769230769230769 0.08653846153846154 0.07451923076923077
0 0.7043269230769231 0.5252403846153846 0.125 0.11538461538461539
1 0.27524038461538464 0.08413461538461539 0.08653846153846154 0.07692307692307693
1 0.38221153846153844 0.6189903846153846 0.09134615384615384 0.09375
0 0.8557692307692307 0.5709134615384616 0.0985576923076923 0.0889423076923077
1 0.2283653846153846 0.6694711538461539 0.07211538461538461 0.05048076923076923
0 0.7247596153846154 0.65625 0.11778846153846154 0.08653846153846154
1 0.37259615384615385 0.7163461538461539 0.08653846153846154 0.09375
0 0.2608173076923077 0.036057692307692304 0.009615384615384616 0.014423076923076924
0 0.8329326923076923 0.028846153846153848 0.12259615384615384 0.057692307692307696
1 0.39783653846153844 0.08533653846153846 0.08413461538461539 0.07932692307692307
0 0.1971153846153846 0.7848557692307693 0.125 0.11538461538461539
0 0.8858173076923077 0.7007211538461539 0.09615384615384616 0.09375
0 0.7247596153846154 0.8040865384615384 0.13221153846153846 0.11538461538461539
1 0.3701923076923077 0.8689903846153846 0.125 0.11538461538461539
0 0.18990384615384615 0.9459134615384616 0.12980769230769232 0.09615384615384616
0 0.9086538461538461 0.8653846153846154 0.10096153846153846 0.08413461538461539
1 0.7692307692307693 0.9170673076923077 0.06971153846153846 0.0985576923076923
0 0.33653846153846156 0.9723557692307693 0.11057692307692307 0.055288461538461536
0 0.6935096153846154 0.09014423076923077 0.09134615384615384 0.09134615384615384
1 0.2620192307692308 0.16105769230769232 0.0985576923076923 0.08413461538461539
1 0.042067307692307696 0.21394230769230768 0.08413461538461539 0.0625
0 0.8233173076923077 0.11057692307692307 0.12740384615384615 0.0985576923076923
1 0.4110576923076923 0.16947115384615385 0.08413461538461539 0.09134615384615384
1 0.2704326923076923 0.22355769230769232 0.1201923076923077 0.04807692307692308
1 0.6274038461538461 0.002403846153846154 0.04326923076923077 0.004807692307692308
0 0.390625 0.24519230769230768 0.0625 0.057692307692307696
0 0.671875 0.20673076923076922 0.07932692307692307 0.08173076923076923