0 0.5336538461538461 0.9591346153846154 0.08173076923076923 0.07692307692307693
0 0.8846153846153846 0.28725961538461536 0.11778846153846154 0.2620192307692308
0 0.984375 0.34975961538461536 0.026442307692307692 0.24759615384615385
0 0.5961538461538461 0.2764423076923077 0.1201923076923077 0.3004807692307692
0 0.7415865384615384 0.3173076923076923 0.10096153846153846 0.24278846153846154
0 0.6658653846153846 0.30408653846153844 0.10336538461538461 0.22596153846153846
0 0.4483173076923077 0.26802884615384615 0.13221153846153846 0.2860576923076923
0 0.8004807692307693 0.3401442307692308 0.10576923076923077 0.2620192307692308
0 0.5168269230769231 0.28846153846153844 0.1346153846153846 0.3004807692307692
0 0.9423076923076923 0.38341346153846156 0.11057692307692307 0.25240384615384615
0 0.35697115384615385 0.28365384615384615 0.12740384615384615 0.30288461538461536
0 0.28846153846153844 0.2776442307692308 0.12740384615384615 0.28125
0 0.20793269230769232 0.27163461538461536 0.13942307692307693 0.30288461538461536
0 0.9483173076923077 0.6117788461538461 0.0985576923076923 0.2620192307692308
0 0.8233173076923077 0.5961538461538461 0.11057692307692307 0.25721153846153844
1 0.8834134615384616 0.6117788461538461 0.10336538461538461 0.24278846153846154
0 0.6225961538461539 0.5637019230769231 0.10576923076923077 0.2620192307692308
1 0.7584134615384616 0.6033653846153846 0.09134615384615384 0.23798076923076922
0 0.7007211538461539 0.5997596153846154 0.10817307692307693 0.2548076923076923
0 0.546875 0.5829326923076923 0.11057692307692307 0.28365384615384615
0 0.46875 0.5745192307692307 0.11778846153846154 0.27163461538461536
0 0.3858173076923077 0.5685096153846154 0.12259615384615384 0.2956730769230769
0 0.31850961538461536 0.5721153846153846 0.11538461538461539 0.25721153846153844
0 0.17548076923076922 0.5444711538461539 0.1201923076923077 0.2644230769230769
0 0.23918269230769232 0.5661057692307693 0.1201923076923077 0.2860576923076923