0 0.5552884615384616 0.9591346153846154 0.07692307692307693 0.08173076923076923
0 0.9002403846153846 0.9891826923076923 0.06971153846153846 0.021634615384615384
0 0.7788461538461539 0.9891826923076923 0.07692307692307693 0.021634615384615384
0 0.8725961538461539 0.2668269230769231 0.10576923076923077 0.2620192307692308
0 0.984375 0.31971153846153844 0.03125 0.24519230769230768
0 0.5841346153846154 0.27163461538461536 0.10576923076923077 0.2980769230769231
0 0.7307692307692307 0.30528846153846156 0.0889423076923077 0.2403846153846154
0 0.6550480769230769 0.2956730769230769 0.09375 0.22596153846153846
0 0.4362980769230769 0.27163461538461536 0.1201923076923077 0.2860576923076923
0 0.7920673076923077 0.3245192307692308 0.09375 0.2620192307692308
0 0.5060096153846154 0.28846153846153844 0.1201923076923077 0.3004807692307692
0 0.9411057692307693 0.359375 0.10576923076923077 0.24759615384615385
0 0.34615384615384615 0.29086538461538464 0.11298076923076923 0.3004807692307692
0 0.2776442307692308 0.28846153846153844 0.11298076923076923 0.27884615384615385
0 0.19591346153846154 0.28725961538461536 0.125 0.3004807692307692
0 0.9555288461538461 0.5865384615384616 0.0889423076923077 0.25961538461538464
0 0.828125 0.5793269230769231 0.0985576923076923 0.25721153846153844
1 0.8894230769230769 0.5913461538461539 0.09375 0.2403846153846154
0 0.625 0.5576923076923077 0.09375 0.25961538461538464
1 0.7632211538461539 0.5889423076923077 0.07932692307692307 0.23557692307692307
0 0.7055288461538461 0.5901442307692307 0.09615384615384616 0.2548076923076923
0 0.5504807692307693 0.5805288461538461 0.09615384615384616 0.28125
0 0.4723557692307692 0.5757211538461539 0.10576923076923077 0.27163461538461536
0 0.3894230769230769 0.5745192307692307 0.10817307692307693 0.2956730769230769
0 0.32211538461538464 0.5817307692307693 0.10336538461538461 0.2548076923076923
0 0.1778846153846154 0.5612980769230769 0.10817307692307693 0.2644230769230769
0 0.24278846153846154 0.5793269230769231 0.10576923076923077 0.28365384615384615