0 0.3161057692307692 0.9338942307692307 0.07692307692307693 0.09375
0 0.09014423076923077 0.9170673076923077 0.07692307692307693 0.0673076923076923
0 0.20552884615384615 0.17307692307692307 0.10576923076923077 0.2620192307692308
0 0.0625 0.18870192307692307 0.07692307692307693 0.24519230769230768
0 0.48197115384615385 0.25721153846153844 0.10576923076923077 0.2980769230769231
0 0.3317307692307692 0.24879807692307693 0.0889423076923077 0.2403846153846154
0 0.4074519230769231 0.2608173076923077 0.09375 0.22596153846153846
0 0.6237980769230769 0.2980769230769231 0.1201923076923077 0.2860576923076923
0 0.26802884615384615 0.2512019230769231 0.09375 0.2620192307692308
0 0.5528846153846154 0.29447115384615385 0.1201923076923077 0.3004807692307692
0 0.11538461538461539 0.24278846153846154 0.10576923076923077 0.24759615384615385
0 0.7055288461538461 0.3425480769230769 0.11298076923076923 0.3004807692307692
0 0.7728365384615384 0.3581730769230769 0.11298076923076923 0.27884615384615385
0 0.8509615384615384 0.3798076923076923 0.125 0.3004807692307692
0 0.042067307692307696 0.4579326923076923 0.08413461538461539 0.2620192307692308
0 0.16346153846153846 0.4855769230769231 0.0985576923076923 0.25721153846153844
1 0.10096153846153846 0.4807692307692308 0.09375 0.2403846153846154
0 0.3629807692307692 0.5204326923076923 0.09375 0.25961538461538464
1 0.22235576923076922 0.5132211538461539 0.07932692307692307 0.23557692307692307
0 0.2776442307692308 0.5288461538461539 0.09615384615384616 0.2548076923076923
0 0.42908653846153844 0.5625 0.09615384615384616 0.28125
0 0.5060096153846154 0.5805288461538461 0.10576923076923077 0.27163461538461536
0 0.5853365384615384 0.6021634615384616 0.10817307692307693 0.2956730769230769
0 0.6478365384615384 0.6274038461538461 0.10336538461538461 0.2548076923076923
0 0.7920673076923077 0.6478365384615384 0.10817307692307693 0.2644230769230769
0 0.7259615384615384 0.6466346153846154 0.10576923076923077 0.28365384615384615