0 0.59375 0.03485576923076923 0.04807692307692308 0.057692307692307696
1 0.9807692307692307 0.3473557692307692 0.038461538461538464 0.11298076923076923
1 0.18990384615384615 0.20072115384615385 0.11057692307692307 0.08173076923076923
0 0.7596153846153846 0.34134615384615385 0.13221153846153846 0.0625
0 0.3137019230769231 0.29086538461538464 0.10096153846153846 0.07692307692307693
1 0.9855769230769231 0.4411057692307692 0.028846153846153848 0.07451923076923077
0 0.5961538461538461 0.375 0.11057692307692307 0.11298076923076923
0 0.17067307692307693 0.28966346153846156 0.13942307692307693 0.11298076923076923
0 0.7620192307692307 0.4735576923076923 0.11057692307692307 0.10817307692307693
1 0.2956730769230769 0.3894230769230769 0.09375 0.0985576923076923
1 0.5973557692307693 0.4987980769230769 0.0985576923076923 0.11298076923076923
0 0.13581730769230768 0.4110576923076923 0.10096153846153846 0.08653846153846154
0 0.9723557692307693 0.14423076923076922 0.055288461538461536 0.0673076923076923
1 0.3449519230769231 0.02403846153846154 0.07451923076923077 0.04807692307692308
1 0.7800480769230769 0.5961538461538461 0.09134615384615384 0.07932692307692307
0 0.29447115384615385 0.5108173076923077 0.12980769230769232 0.12259615384615384
1 0.7536057692307693 0.10096153846153846 0.0889423076923077 0.08173076923076923
1 0.609375 0.6262019230769231 0.09615384615384616 0.0985576923076923
0 0.13942307692307693 0.546875 0.10096153846153846 0.09375
1 0.7584134615384616 0.6875 0.07451923076923077 0.055288461538461536
0 0.2644230769230769 0.640625 0.1201923076923077 0.09375
1 0.6117788461538461 0.7247596153846154 0.09134615384615384 0.0985576923076923
0 0.7704326923076923 0.054086538461538464 0.009615384615384616 0.014423076923076924
0 0.20192307692307693 0.019230769230769232 0.125 0.038461538461538464
1 0.6310096153846154 0.09375 0.08653846153846154 0.08173076923076923
0 0.7824519230769231 0.8052884615384616 0.12980769230769232 0.1201923076923077
0 0.10096153846153846 0.6730769230769231 0.10096153846153846 0.0985576923076923
0 0.2548076923076923 0.7884615384615384 0.13701923076923078 0.12259615384615384
1 0.6045673076923077 0.8774038461538461 0.12980769230769232 0.12259615384615384
0 0.7776442307692307 0.9567307692307693 0.13221153846153846 0.08653846153846154
0 0.0673076923076923 0.8353365384615384 0.10336538461538461 0.0889423076923077
1 0.20192307692307693 0.8978365384615384 0.07451923076923077 0.10096153846153846
0 0.6274038461538461 0.9747596153846154 0.11538461538461539 0.05048076923076923
0 0.33533653846153844 0.078125 0.09615384615384616 0.09615384615384616
1 0.7608173076923077 0.1778846153846154 0.10336538461538461 0.0889423076923077
1 0.9663461538461539 0.24519230769230768 0.0673076923076923 0.0673076923076923
0 0.20552884615384615 0.09014423076923077 0.13221153846153846 0.10576923076923077
1 0.6117788461538461 0.17548076923076922 0.0889423076923077 0.09615384615384616
1 0.7475961538461539 0.2403846153846154 0.1201923076923077 0.055288461538461536
0 0.6274038461538461 0.2536057692307692 0.06490384615384616 0.06009615384615385
0 0.3485576923076923 0.19471153846153846 0.08413461538461539 0.08413461538461539