0 0.27163461538461536 0.9122596153846154 0.08413461538461539 0.0985576923076923
0 0.04927884615384615 0.8713942307692307 0.08173076923076923 0.07451923076923077
0 0.24158653846153846 0.14423076923076922 0.12980769230769232 0.2620192307692308
0 0.09735576923076923 0.14423076923076922 0.10096153846153846 0.24519230769230768
0 0.5072115384615384 0.25600961538461536 0.1346153846153846 0.3004807692307692
0 0.3581730769230769 0.23317307692307693 0.11298076923076923 0.24278846153846154
0 0.4326923076923077 0.25240384615384615 0.11298076923076923 0.22596153846153846
0 0.6442307692307693 0.3112980769230769 0.1466346153846154 0.28846153846153844
0 0.2956730769230769 0.2283653846153846 0.11778846153846154 0.2620192307692308
0 0.5745192307692307 0.3016826923076923 0.14903846153846154 0.30288461538461536
0 0.14423076923076922 0.20432692307692307 0.12980769230769232 0.25
0 0.7211538461538461 0.3641826923076923 0.14182692307692307 0.30288461538461536
0 0.7860576923076923 0.38822115384615385 0.13942307692307693 0.28125
0 0.8617788461538461 0.4170673076923077 0.15384615384615385 0.30528846153846156
0 0.051682692307692304 0.4098557692307692 0.10336538461538461 0.2620192307692308
0 0.16706730769230768 0.45072115384615385 0.12259615384615384 0.25721153846153844
1 0.10576923076923077 0.4387019230769231 0.11538461538461539 0.24278846153846154
0 0.36177884615384615 0.5060096153846154 0.11778846153846154 0.2620192307692308
1 0.22235576923076922 0.484375 0.10336538461538461 0.23798076923076922
0 0.27524038461538464 0.5060096153846154 0.1201923076923077 0.2548076923076923
0 0.4230769230769231 0.5552884615384616 0.12259615384615384 0.28365384615384615
0 0.49759615384615385 0.5805288461538461 0.12980769230769232 0.27403846153846156
0 0.5745192307692307 0.6105769230769231 0.1346153846153846 0.2956730769230769
0 0.6346153846153846 0.6430288461538461 0.12740384615384615 0.25721153846153844
0 0.7752403846153846 0.6778846153846154 0.13221153846153846 0.2644230769230769
0 0.7091346153846154 0.6694711538461539 0.1346153846153846 0.2860576923076923