0 0.41947115384615385 0.9579326923076923 0.07451923076923077 0.07932692307692307
0 0.0733173076923077 0.9771634615384616 0.06971153846153846 0.040865384615384616
0 0.19471153846153846 0.9819711538461539 0.07692307692307693 0.03125
0 0.140625 0.24759615384615385 0.09375 0.25721153846153844
0 0.019230769230769232 0.2956730769230769 0.038461538461538464 0.24519230769230768
0 0.42788461538461536 0.26802884615384615 0.09134615384615384 0.2980769230769231
0 0.27884615384615385 0.2932692307692308 0.07692307692307693 0.2403846153846154
0 0.3557692307692308 0.28846153846153844 0.08173076923076923 0.22115384615384615
0 0.5757211538461539 0.27524038461538464 0.10576923076923077 0.28365384615384615
0 0.21754807692307693 0.31009615384615385 0.07932692307692307 0.25961538461538464
0 0.5060096153846154 0.28846153846153844 0.10576923076923077 0.2980769230769231
0 0.0673076923076923 0.33653846153846156 0.09375 0.24519230769230768
0 0.6646634615384616 0.29927884615384615 0.0985576923076923 0.2980769230769231
0 0.7331730769230769 0.3004807692307692 0.10096153846153846 0.2764423076923077
0 0.8149038461538461 0.30408653846153844 0.11057692307692307 0.2980769230769231
0 0.040865384615384616 0.5649038461538461 0.08173076923076923 0.25961538461538464
0 0.16826923076923078 0.5612980769230769 0.08653846153846154 0.2548076923076923
1 0.10697115384615384 0.5709134615384616 0.08173076923076923 0.23798076923076922
0 0.3713942307692308 0.5504807692307693 0.07932692307692307 0.25961538461538464
1 0.23317307692307693 0.5757211538461539 0.0673076923076923 0.23557692307692307
0 0.28966346153846156 0.578125 0.08413461538461539 0.25
0 0.44471153846153844 0.5769230769230769 0.08173076923076923 0.28125
0 0.5240384615384616 0.578125 0.09134615384615384 0.2692307692307692
0 0.6057692307692307 0.5805288461538461 0.09375 0.2932692307692308
0 0.6730769230769231 0.5913461538461539 0.09134615384615384 0.2548076923076923
0 0.8185096153846154 0.578125 0.09375 0.25961538461538464
0 0.7536057692307693 0.5925480769230769 0.09375 0.28125