0 0.5372596153846154 0.027644230769230768 0.04567307692307692 0.055288461538461536
1 0.9723557692307693 0.28846153846153844 0.05048076923076923 0.11057692307692307
1 0.15625 0.2403846153846154 0.10336538461538461 0.07211538461538461
0 0.7379807692307693 0.3112980769230769 0.12980769230769232 0.04807692307692308
0 0.28966346153846156 0.31490384615384615 0.09615384615384616 0.0673076923076923
1 0.9819711538461539 0.38100961538461536 0.03125 0.07451923076923077
0 0.5805288461538461 0.3641826923076923 0.10096153846153846 0.10336538461538461
0 0.14783653846153846 0.3317307692307692 0.12980769230769232 0.10096153846153846
0 0.7572115384615384 0.4411057692307692 0.10096153846153846 0.0985576923076923
1 0.28365384615384615 0.41466346153846156 0.08413461538461539 0.09134615384615384
1 0.5961538461538461 0.48677884615384615 0.08653846153846154 0.10576923076923077
0 0.12740384615384615 0.4567307692307692 0.09375 0.07692307692307693
0 0.9350961538461539 0.0889423076923077 0.0673076923076923 0.06009615384615385
1 0.28725961538461536 0.036057692307692304 0.06971153846153846 0.07211538461538461
1 0.7896634615384616 0.5612980769230769 0.08413461538461539 0.07211538461538461
0 0.2980769230769231 0.5348557692307693 0.1201923076923077 0.11057692307692307
1 0.703125 0.07211538461538461 0.08173076923076923 0.07451923076923077
1 0.6237980769230769 0.6117788461538461 0.0889423076923077 0.0889423076923077
0 0.14783653846153846 0.5901442307692307 0.09375 0.08413461538461539
1 0.7800480769230769 0.6550480769230769 0.06971153846153846 0.04807692307692308
0 0.28365384615384615 0.6682692307692307 0.11298076923076923 0.08173076923076923
1 0.6382211538461539 0.7103365384615384 0.08173076923076923 0.09134615384615384
0 0.7139423076923077 0.02403846153846154 0.009615384615384616 0.014423076923076924
0 0.14302884615384615 0.042067307692307696 0.1201923076923077 0.06490384615384616
1 0.5805288461538461 0.08052884615384616 0.07932692307692307 0.07451923076923077
0 0.8173076923076923 0.7692307692307693 0.1201923076923077 0.10817307692307693
0 0.125 0.7199519230769231 0.09375 0.09134615384615384
0 0.29086538461538464 0.8161057692307693 0.12740384615384615 0.11057692307692307
1 0.6490384615384616 0.8617788461538461 0.1201923076923077 0.11057692307692307
0 0.8329326923076923 0.9278846153846154 0.125 0.0889423076923077
0 0.11177884615384616 0.8858173076923077 0.09615384615384616 0.07932692307692307
1 0.25240384615384615 0.9302884615384616 0.06490384615384616 0.09615384615384616
0 0.6899038461538461 0.9675480769230769 0.11057692307692307 0.06009615384615385
0 0.2848557692307692 0.10096153846153846 0.0889423076923077 0.0889423076923077
1 0.7199519230769231 0.14903846153846154 0.09615384615384616 0.07932692307692307
1 0.9459134615384616 0.18990384615384615 0.09134615384615384 0.057692307692307696
0 0.15745192307692307 0.12860576923076922 0.125 0.09375
1 0.5721153846153846 0.16466346153846154 0.07932692307692307 0.0889423076923077
1 0.7151442307692307 0.2127403846153846 0.11778846153846154 0.04326923076923077
1 0.3449519230769231 0.007211538461538462 0.04567307692307692 0.014423076923076924
0 0.5961538461538461 0.23918269230769232 0.06009615384615385 0.055288461538461536
0 0.3125 0.21634615384615385 0.07692307692307693 0.07692307692307693