0 0.3389423076923077 0.9435096153846154 0.07211538461538461 0.09134615384615384
0 0.013221153846153846 0.9182692307692307 0.026442307692307692 0.08653846153846154
0 0.11298076923076923 0.9375 0.07451923076923077 0.06490384615384616
0 0.18990384615384615 0.18870192307692307 0.09375 0.25961538461538464
0 0.04567307692307692 0.21153846153846154 0.06490384615384616 0.24278846153846154
0 0.46875 0.25841346153846156 0.09134615384615384 0.2956730769230769
0 0.31850961538461536 0.25841346153846156 0.07692307692307693 0.2403846153846154
0 0.3954326923076923 0.2668269230769231 0.08173076923076923 0.22355769230769232
0 0.6129807692307693 0.2920673076923077 0.10576923076923077 0.28365384615384615
0 0.2548076923076923 0.2644230769230769 0.08173076923076923 0.2620192307692308
0 0.5420673076923077 0.2920673076923077 0.10576923076923077 0.2980769230769231
0 0.10216346153846154 0.26322115384615385 0.09375 0.24519230769230768
0 0.6971153846153846 0.3317307692307692 0.0985576923076923 0.3004807692307692
0 0.7644230769230769 0.3449519230769231 0.10096153846153846 0.2764423076923077
0 0.84375 0.36177884615384615 0.11057692307692307 0.2980769230769231
0 0.038461538461538464 0.4831730769230769 0.07692307692307693 0.25961538461538464
0 0.16346153846153846 0.5036057692307693 0.08413461538461539 0.2548076923076923
1 0.10096153846153846 0.5012019230769231 0.08173076923076923 0.23798076923076922
0 0.36538461538461536 0.5276442307692307 0.07932692307692307 0.25961538461538464
1 0.22355769230769232 0.5276442307692307 0.0673076923076923 0.23557692307692307
0 0.27884615384615385 0.5408653846153846 0.08173076923076923 0.25240384615384615
0 0.4326923076923077 0.5661057692307693 0.08173076923076923 0.28125
0 0.5096153846153846 0.5805288461538461 0.09134615384615384 0.2692307692307692
0 0.5901442307692307 0.5973557692307693 0.09375 0.2932692307692308
0 0.6550480769230769 0.6201923076923077 0.09134615384615384 0.25240384615384615
0 0.7992788461538461 0.6322115384615384 0.09375 0.2620192307692308
0 0.7331730769230769 0.6346153846153846 0.09134615384615384 0.28365384615384615