0 0.42788461538461536 0.9579326923076923 0.07692307692307693 0.07932692307692307
0 0.08052884615384616 0.9807692307692307 0.06971153846153846 0.03365384615384615
0 0.20432692307692307 0.984375 0.07692307692307693 0.026442307692307692
0 0.13581730769230768 0.2548076923076923 0.09615384615384616 0.25961538461538464
0 0.018028846153846152 0.30528846153846156 0.036057692307692304 0.24519230769230768
0 0.42427884615384615 0.2692307692307692 0.09615384615384616 0.2980769230769231
0 0.27524038461538464 0.2980769230769231 0.08173076923076923 0.2403846153846154
0 0.35216346153846156 0.29086538461538464 0.08653846153846154 0.22355769230769232
0 0.5721153846153846 0.27403846153846156 0.11057692307692307 0.28365384615384615
0 0.21514423076923078 0.31490384615384615 0.08653846153846154 0.2620192307692308
0 0.5024038461538461 0.28846153846153844 0.11057692307692307 0.2980769230769231
0 0.06370192307692307 0.34375 0.0985576923076923 0.24759615384615385
0 0.6610576923076923 0.296875 0.10336538461538461 0.3004807692307692
0 0.7295673076923077 0.296875 0.10576923076923077 0.27884615384615385
0 0.8112980769230769 0.2980769230769231 0.11538461538461539 0.3004807692307692
0 0.042067307692307696 0.5709134615384616 0.08413461538461539 0.2620192307692308
0 0.16947115384615385 0.5673076923076923 0.0889423076923077 0.2548076923076923
1 0.10817307692307693 0.5769230769230769 0.08413461538461539 0.23798076923076922
0 0.37259615384615385 0.5528846153846154 0.08413461538461539 0.25961538461538464
1 0.234375 0.5793269230769231 0.07211538461538461 0.23557692307692307
0 0.29086538461538464 0.5829326923076923 0.08653846153846154 0.25240384615384615
0 0.44711538461538464 0.578125 0.08653846153846154 0.28125
0 0.5252403846153846 0.5769230769230769 0.09615384615384616 0.2692307692307692
0 0.6069711538461539 0.578125 0.0985576923076923 0.2932692307692308
0 0.6742788461538461 0.5877403846153846 0.09615384615384616 0.25240384615384615
0 0.8197115384615384 0.5733173076923077 0.0985576923076923 0.2620192307692308
0 0.7548076923076923 0.5877403846153846 0.09615384615384616 0.28365384615384615