0 0.3942307692307692 0.9567307692307693 0.0673076923076923 0.08653846153846154
0 0.04567307692307692 0.9675480769230769 0.0625 0.06490384615384616
0 0.16826923076923078 0.9747596153846154 0.07211538461538461 0.05048076923076923
0 0.15384615384615385 0.22956730769230768 0.07932692307692307 0.2548076923076923
0 0.020432692307692308 0.26802884615384615 0.040865384615384616 0.24278846153846154
0 0.43990384615384615 0.2644230769230769 0.07692307692307693 0.2932692307692308
0 0.29086538461538464 0.2824519230769231 0.06490384615384616 0.23798076923076922
0 0.36778846153846156 0.28125 0.07211538461538461 0.22115384615384615
0 0.5877403846153846 0.27884615384615385 0.09134615384615384 0.27884615384615385
0 0.2283653846153846 0.2956730769230769 0.0673076923076923 0.25961538461538464
0 0.5168269230769231 0.28846153846153844 0.09134615384615384 0.2956730769230769
0 0.07572115384615384 0.3137019230769231 0.08173076923076923 0.24278846153846154
0 0.6754807692307693 0.3088942307692308 0.08173076923076923 0.2956730769230769
0 0.7439903846153846 0.3137019230769231 0.08653846153846154 0.27403846153846156
0 0.8245192307692307 0.31971153846153844 0.09615384615384616 0.2956730769230769
0 0.03485576923076923 0.5396634615384616 0.06971153846153846 0.2548076923076923
0 0.1658653846153846 0.5444711538461539 0.07211538461538461 0.25240384615384615
1 0.10336538461538461 0.5504807692307693 0.06971153846153846 0.23557692307692307
0 0.36899038461538464 0.5444711538461539 0.0673076923076923 0.25721153846153844
1 0.22956730769230768 0.5612980769230769 0.055288461538461536 0.23317307692307693
0 0.2860576923076923 0.5673076923076923 0.06971153846153846 0.25
0 0.4411057692307692 0.5745192307692307 0.0673076923076923 0.27884615384615385
0 0.5192307692307693 0.578125 0.07692307692307693 0.2668269230769231
0 0.6021634615384616 0.5853365384615384 0.07932692307692307 0.29086538461538464
0 0.6682692307692307 0.5997596153846154 0.07932692307692307 0.25
0 0.8137019230769231 0.5949519230769231 0.08173076923076923 0.25721153846153844
0 0.7475961538461539 0.6057692307692307 0.07932692307692307 0.27884615384615385