0 0.3786057692307692 0.9555288461538461 0.06490384615384616 0.08653846153846154
0 0.030048076923076924 0.9603365384615384 0.06009615384615385 0.078125
0 0.15264423076923078 0.9699519230769231 0.06971153846153846 0.05889423076923077
0 0.16346153846153846 0.21754807692307693 0.07091346153846154 0.2536057692307692
0 0.02283653846153846 0.25240384615384615 0.04447115384615385 0.2403846153846154
0 0.4483173076923077 0.2620192307692308 0.06610576923076923 0.2920673076923077
0 0.2980769230769231 0.27524038461538464 0.057692307692307696 0.23557692307692307
0 0.375 0.2764423076923077 0.06370192307692307 0.21875
0 0.5949519230769231 0.2824519230769231 0.08173076923076923 0.2764423076923077
0 0.23557692307692307 0.2860576923076923 0.05889423076923077 0.25721153846153844
0 0.5240384615384616 0.28966346153846156 0.08052884615384616 0.2920673076923077
0 0.0829326923076923 0.29927884615384615 0.0733173076923077 0.2403846153846154
0 0.6814903846153846 0.31490384615384615 0.07211538461538461 0.29447115384615385
0 0.75 0.32211538461538464 0.07692307692307693 0.27163461538461536
0 0.8305288461538461 0.3317307692307692 0.08533653846153846 0.2920673076923077
0 0.03365384615384615 0.5228365384615384 0.06129807692307692 0.2536057692307692
0 0.16466346153846154 0.5324519230769231 0.06370192307692307 0.25
1 0.10216346153846154 0.5360576923076923 0.06129807692307692 0.23317307692307693
0 0.36778846153846156 0.5396634615384616 0.057692307692307696 0.2548076923076923
1 0.22716346153846154 0.5516826923076923 0.04807692307692308 0.23197115384615385
0 0.28365384615384615 0.5600961538461539 0.06129807692307692 0.24759615384615385
0 0.4387019230769231 0.5721153846153846 0.057692307692307696 0.2764423076923077
0 0.5168269230769231 0.5793269230769231 0.06850961538461539 0.2644230769230769
0 0.5985576923076923 0.5889423076923077 0.06850961538461539 0.28846153846153844
0 0.6646634615384616 0.6057692307692307 0.06971153846153846 0.24759615384615385
0 0.8100961538461539 0.6057692307692307 0.07211538461538461 0.25600961538461536
0 0.7439903846153846 0.6141826923076923 0.06850961538461539 0.2776442307692308