0 0.6213942307692307 0.9555288461538461 0.06490384615384616 0.08653846153846154
0 0.96875 0.9591346153846154 0.057692307692307696 0.07692307692307693
0 0.8473557692307693 0.9699519230769231 0.06971153846153846 0.05889423076923077
0 0.8365384615384616 0.21754807692307693 0.07091346153846154 0.2536057692307692
0 0.9771634615384616 0.25240384615384615 0.04447115384615385 0.2403846153846154
0 0.5516826923076923 0.2620192307692308 0.06610576923076923 0.2920673076923077
0 0.7019230769230769 0.27524038461538464 0.057692307692307696 0.23557692307692307
0 0.625 0.2764423076923077 0.06370192307692307 0.21875
0 0.4050480769230769 0.2824519230769231 0.08173076923076923 0.2764423076923077
0 0.7644230769230769 0.2860576923076923 0.05889423076923077 0.25721153846153844
0 0.47596153846153844 0.28966346153846156 0.08052884615384616 0.2920673076923077
0 0.9170673076923077 0.29927884615384615 0.0733173076923077 0.2403846153846154
0 0.31850961538461536 0.31490384615384615 0.07211538461538461 0.29447115384615385
0 0.25 0.32211538461538464 0.07692307692307693 0.27163461538461536
0 0.16947115384615385 0.3317307692307692 0.08533653846153846 0.2920673076923077
0 0.9663461538461539 0.5228365384615384 0.06129807692307692 0.2536057692307692
0 0.8353365384615384 0.5324519230769231 0.06370192307692307 0.25
1 0.8978365384615384 0.5360576923076923 0.06129807692307692 0.23317307692307693
0 0.6322115384615384 0.5396634615384616 0.057692307692307696 0.2548076923076923
1 0.7728365384615384 0.5516826923076923 0.04807692307692308 0.23197115384615385
0 0.7163461538461539 0.5600961538461539 0.06129807692307692 0.24759615384615385
0 0.5612980769230769 0.5721153846153846 0.057692307692307696 0.2764423076923077
0 0.4831730769230769 0.5793269230769231 0.06850961538461539 0.2644230769230769
0 0.4014423076923077 0.5889423076923077 0.06850961538461539 0.28846153846153844
0 0.33533653846153844 0.6057692307692307 0.06971153846153846 0.24759615384615385
0 0.18990384615384615 0.6057692307692307 0.07211538461538461 0.25600961538461536
0 0.25600961538461536 0.6141826923076923 0.06850961538461539 0.2776442307692308