0 0.18629807692307693 0.1141826923076923 0.24519230769230768 0.20192307692307693
1 0.90625 0.29447115384615385 0.18269230769230768 0.18990384615384615
0 0.4074519230769231 0.1778846153846154 0.23557692307692307 0.18269230769230768
1 0.8918269230769231 0.4362980769230769 0.21153846153846154 0.16105769230769232
0 0.38341346153846156 0.328125 0.25240384615384615 0.18509615384615385
1 0.16826923076923078 0.2824519230769231 0.23557692307692307 0.15625
1 0.8834134615384616 0.5336538461538461 0.20192307692307693 0.09615384615384616
1 0.13341346153846154 0.41586538461538464 0.24278846153846154 0.1778846153846154
0 0.34375 0.4699519230769231 0.25961538461538464 0.16826923076923078
0 0.8822115384615384 0.6262019230769231 0.21634615384615385 0.15384615384615385
1 0.4675480769230769 0.05889423076923077 0.22355769230769232 0.11778846153846154
1 0.23557692307692307 0.03365384615384615 0.21634615384615385 0.0673076923076923
1 0.33774038461538464 0.6069711538461539 0.22355769230769232 0.16105769230769232
1 0.9242788461538461 0.1622596153846154 0.1466346153846154 0.16105769230769232
1 0.8389423076923077 0.7295673076923077 0.21875 0.1466346153846154
1 0.1141826923076923 0.5637019230769231 0.2283653846153846 0.16105769230769232
1 0.8052884615384616 0.8581730769230769 0.22115384615384615 0.17307692307692307
1 0.3004807692307692 0.7475961538461539 0.23798076923076922 0.18269230769230768
0 0.10336538461538461 0.7103365384615384 0.20673076923076922 0.2091346153846154
1 0.7848557692307693 0.9567307692307693 0.23798076923076922 0.08173076923076923
1 0.08413461538461539 0.8389423076923077 0.16826923076923078 0.16826923076923078
1 0.2704326923076923 0.8918269230769231 0.23317307692307693 0.16105769230769232