0 0.8966346153846154 0.21634615384615385 0.20192307692307693 0.17307692307692307
1 0.13701923076923078 0.18269230769230768 0.22115384615384615 0.15384615384615385
0 0.6778846153846154 0.21514423076923078 0.21634615384615385 0.14903846153846154
1 0.13221153846153846 0.3269230769230769 0.21153846153846154 0.125
0 0.6598557692307693 0.36778846153846156 0.23317307692307693 0.14903846153846154
1 0.8798076923076923 0.38221153846153844 0.21875 0.12259615384615384
1 0.12259615384615384 0.4266826923076923 0.1971153846153846 0.0625
1 0.8762019230769231 0.5192307692307693 0.22355769230769232 0.14423076923076922
0 0.6586538461538461 0.5144230769230769 0.24519230769230768 0.12980769230769232
0 0.09975961538461539 0.515625 0.19951923076923078 0.12740384615384615
1 0.6598557692307693 0.06370192307692307 0.20673076923076922 0.12259615384615384
1 0.8954326923076923 0.0829326923076923 0.19951923076923078 0.12259615384615384
1 0.6274038461538461 0.6478365384615384 0.2091346153846154 0.12740384615384615
1 0.14543269230769232 0.055288461538461536 0.21394230769230768 0.11057692307692307
1 0.11057692307692307 0.6274038461538461 0.20673076923076922 0.11298076923076923
1 0.8617788461538461 0.6706730769230769 0.22596153846153846 0.125
1 0.10817307692307693 0.7596153846153846 0.20192307692307693 0.14182692307692307
1 0.6225961538461539 0.7932692307692307 0.21875 0.14903846153846154
0 0.859375 0.8209134615384616 0.2548076923076923 0.16826923076923078
1 0.10096153846153846 0.8990384615384616 0.20192307692307693 0.12980769230769232
1 0.8413461538461539 0.9399038461538461 0.22115384615384615 0.11538461538461539
1 0.6141826923076923 0.9362980769230769 0.21875 0.12259615384615384