0 0.09495192307692307 0.2536057692307692 0.18990384615384615 0.18990384615384615
1 0.8329326923076923 0.15264423076923078 0.23317307692307693 0.17067307692307693
0 0.2980769230769231 0.23197115384615385 0.2283653846153846 0.1658653846153846
1 0.8509615384615384 0.2956730769230769 0.22115384615384615 0.14423076923076922
0 0.3293269230769231 0.38221153846153844 0.24519230769230768 0.16826923076923078
1 0.1141826923076923 0.4170673076923077 0.2283653846153846 0.14182692307692307
1 0.8701923076923077 0.3942307692307692 0.19951923076923078 0.07932692307692307
1 0.12740384615384615 0.5528846153846154 0.23317307692307693 0.16105769230769232
0 0.34375 0.5276442307692307 0.2548076923076923 0.14903846153846154
0 0.8978365384615384 0.48197115384615385 0.19951923076923078 0.14182692307692307
1 0.30288461538461536 0.07932692307692307 0.21634615384615385 0.13942307692307693
1 0.08774038461538461 0.1201923076923077 0.17548076923076922 0.13942307692307693
1 0.3858173076923077 0.6574519230769231 0.21875 0.14423076923076922
1 0.8149038461538461 0.04447115384615385 0.22115384615384615 0.0889423076923077
1 0.8942307692307693 0.5949519230769231 0.20673076923076922 0.13221153846153846
1 0.15504807692307693 0.7019230769230769 0.23317307692307693 0.14182692307692307
1 0.9014423076923077 0.7247596153846154 0.19230769230769232 0.16105769230769232
1 0.4026442307692308 0.8028846153846154 0.2283653846153846 0.1658653846153846
0 0.16947115384615385 0.8509615384615384 0.2644230769230769 0.1875
1 0.9134615384615384 0.8617788461538461 0.16826923076923078 0.1466346153846154
1 0.19951923076923078 0.9495192307692307 0.23076923076923078 0.09615384615384616
1 0.4266826923076923 0.9362980769230769 0.2283653846153846 0.12259615384615384