0 0.10817307692307693 0.19471153846153846 0.21514423076923078 0.15865384615384615
1 0.8786057692307693 0.20192307692307693 0.21514423076923078 0.14302884615384615
0 0.33774038461538464 0.20673076923076922 0.21033653846153846 0.13822115384615385
1 0.8762019230769231 0.34615384615384615 0.20673076923076922 0.11538461538461539
0 0.3473557692307692 0.359375 0.22716346153846154 0.13701923076923078
1 0.12740384615384615 0.3629807692307692 0.21394230769230768 0.11177884615384616
1 0.8810096153846154 0.44711538461538464 0.19471153846153846 0.052884615384615384
1 0.12379807692307693 0.5 0.21754807692307693 0.13221153846153846
0 0.34134615384615385 0.5060096153846154 0.2403846153846154 0.11658653846153846
0 0.9014423076923077 0.5372596153846154 0.19591346153846154 0.1141826923076923
1 0.3629807692307692 0.056490384615384616 0.20192307692307693 0.11298076923076923
1 0.12740384615384615 0.0625 0.1935096153846154 0.11177884615384616
1 0.36538461538461536 0.640625 0.20432692307692307 0.11778846153846154
1 0.8774038461538461 0.06490384615384616 0.20552884615384615 0.1141826923076923
1 0.8822115384615384 0.6478365384615384 0.20072115384615385 0.10336538461538461
1 0.12980769230769232 0.6514423076923077 0.21995192307692307 0.11298076923076923
1 0.8774038461538461 0.7800480769230769 0.19591346153846154 0.13221153846153846
1 0.36177884615384615 0.7860576923076923 0.21153846153846154 0.13822115384615385
0 0.12379807692307693 0.8016826923076923 0.24639423076923078 0.15504807692307693
1 0.8894230769230769 0.9194711538461539 0.21514423076923078 0.11538461538461539
1 0.13581730769230768 0.9302884615384616 0.21394230769230768 0.1201923076923077
1 0.3641826923076923 0.9338942307692307 0.21153846153846154 0.11658653846153846