0 0.9002403846153846 0.22956730769230768 0.19471153846153846 0.18028846153846154
1 0.14903846153846154 0.16947115384615385 0.22596153846153846 0.16105769230769232
0 0.6875 0.22235576923076922 0.22115384615384615 0.15625
1 0.13822115384615385 0.3137019230769231 0.21634615384615385 0.13221153846153846
0 0.6646634615384616 0.3737980769230769 0.23798076923076922 0.15625
1 0.8834134615384616 0.3954326923076923 0.22355769230769232 0.12980769230769232
1 0.125 0.41466346153846156 0.19951923076923078 0.06971153846153846
1 0.875 0.5324519230769231 0.2283653846153846 0.15144230769230768
0 0.6574519230769231 0.5192307692307693 0.25 0.13701923076923078
0 0.10096153846153846 0.5036057692307693 0.20192307692307693 0.13221153846153846
1 0.6754807692307693 0.06971153846153846 0.21153846153846154 0.12980769230769232
1 0.9026442307692307 0.09615384615384616 0.18990384615384615 0.12980769230769232
1 0.6213942307692307 0.6514423076923077 0.21394230769230768 0.1346153846153846
1 0.16346153846153846 0.05048076923076923 0.21634615384615385 0.10096153846153846
1 0.10576923076923077 0.6141826923076923 0.2091346153846154 0.1201923076923077
1 0.8557692307692307 0.6826923076923077 0.2283653846153846 0.13221153846153846
1 0.10216346153846154 0.7463942307692307 0.20432692307692307 0.15144230769230768
1 0.6129807692307693 0.796875 0.22355769230769232 0.15625
0 0.8485576923076923 0.8329326923076923 0.25961538461538464 0.17548076923076922
1 0.09495192307692307 0.8834134615384616 0.18990384615384615 0.13701923076923078
1 0.8269230769230769 0.9435096153846154 0.22596153846153846 0.10817307692307693
1 0.5973557692307693 0.9362980769230769 0.22355769230769232 0.12259615384615384