1 0.6670673076923077 0.21634615384615385 0.08653846153846154 0.24519230769230768
1 0.8822115384615384 0.20192307692307693 0.08173076923076923 0.22115384615384615
1 0.3798076923076923 0.23798076923076922 0.08653846153846154 0.24759615384615385
1 0.8100961538461539 0.2091346153846154 0.08413461538461539 0.23317307692307693
0 0.7367788461538461 0.21754807692307693 0.08173076923076923 0.25961538461538464
1 0.4483173076923077 0.2439903846153846 0.08413461538461539 0.20432692307692307
1 0.1814903846153846 0.2644230769230769 0.11538461538461539 0.2668269230769231
0 0.5925480769230769 0.23798076923076922 0.0889423076923077 0.24759615384615385
1 0.5192307692307693 0.24639423076923078 0.08653846153846154 0.21875
1 0.2860576923076923 0.265625 0.11298076923076923 0.24759615384615385
1 0.9483173076923077 0.22355769230769232 0.0673076923076923 0.20192307692307693
1 0.29086538461538464 0.0673076923076923 0.06490384615384616 0.11298076923076923
1 0.4387019230769231 0.05889423076923077 0.07692307692307693 0.11538461538461539
1 0.7259615384615384 0.04927884615384615 0.07692307692307693 0.0985576923076923
1 0.6490384615384616 0.051682692307692304 0.07692307692307693 0.10336538461538461
1 0.5108173076923077 0.05889423076923077 0.08413461538461539 0.11778846153846154
1 0.7980769230769231 0.05048076923076923 0.07692307692307693 0.10096153846153846
1 0.5793269230769231 0.057692307692307696 0.07692307692307693 0.11538461538461539
1 0.21875 0.07692307692307693 0.07932692307692307 0.12259615384615384
0 0.36177884615384615 0.06850961538461539 0.07451923076923077 0.125
1 0.14423076923076922 0.08413461538461539 0.07451923076923077 0.12259615384615384
0 0.8737980769230769 0.04927884615384615 0.07932692307692307 0.0985576923076923
1 0.6310096153846154 0.7307692307692307 0.0889423076923077 0.2091346153846154
1 0.5588942307692307 0.7391826923076923 0.09375 0.21634615384615385
1 0.4050480769230769 0.7548076923076923 0.08413461538461539 0.21153846153846154
1 0.7019230769230769 0.7367788461538461 0.08653846153846154 0.22596153846153846
0 0.8509615384615384 0.7271634615384616 0.09375 0.23557692307692307
1 0.9194711538461539 0.7223557692307693 0.07211538461538461 0.21394230769230768
1 0.7728365384615384 0.734375 0.0985576923076923 0.22115384615384615
1 0.9747596153846154 0.7199519230769231 0.04567307692307692 0.21394230769230768
1 0.21394230769230768 0.7740384615384616 0.11298076923076923 0.24519230769230768
0 0.48197115384615385 0.7584134615384616 0.08173076923076923 0.25961538461538464
1 0.31850961538461536 0.7740384615384616 0.10576923076923077 0.22355769230769232
0 0.27884615384615385 0.9459134615384616 0.07692307692307693 0.10336538461538461
1 0.9819711538461539 0.9086538461538461 0.03125 0.1201923076923077
1 0.5685096153846154 0.9375 0.08653846153846154 0.1201923076923077
1 0.42788461538461536 0.9423076923076923 0.07692307692307693 0.11057692307692307
1 0.9314903846153846 0.9122596153846154 0.07451923076923077 0.11778846153846154
1 0.21033653846153846 0.9519230769230769 0.07451923076923077 0.09134615384615384
1 0.7860576923076923 0.9266826923076923 0.08173076923076923 0.11057692307692307
1 0.7127403846153846 0.9326923076923077 0.07692307692307693 0.10817307692307693
1 0.6442307692307693 0.9375 0.07692307692307693 0.10817307692307693
1 0.4987980769230769 0.9447115384615384 0.07932692307692307 0.10576923076923077
1 0.3557692307692308 0.953125 0.0673076923076923 0.0889423076923077
1 0.8557692307692307 0.9266826923076923 0.07211538461538461 0.0985576923076923