1 0.6862980769230769 0.2283653846153846 0.06971153846153846 0.24158653846153846
1 0.9026442307692307 0.22956730769230768 0.06610576923076923 0.21754807692307693
1 0.39783653846153844 0.23076923076923078 0.06971153846153846 0.24278846153846154
1 0.8293269230769231 0.23197115384615385 0.06850961538461539 0.2283653846153846
0 0.7560096153846154 0.234375 0.06490384615384616 0.2548076923076923
1 0.46634615384615385 0.24158653846153846 0.06971153846153846 0.20072115384615385
1 0.19831730769230768 0.24278846153846154 0.0985576923076923 0.2608173076923077
0 0.6105769230769231 0.24519230769230768 0.07091346153846154 0.2439903846153846
1 0.5372596153846154 0.24879807692307693 0.07091346153846154 0.21514423076923078
1 0.30288461538461536 0.2512019230769231 0.09735576923076923 0.2403846153846154
1 0.9663461538461539 0.25600961538461536 0.052884615384615384 0.19951923076923078
1 0.32211538461538464 0.054086538461538464 0.057692307692307696 0.10817307692307693
1 0.4699519230769231 0.055288461538461536 0.06971153846153846 0.11057692307692307
1 0.7560096153846154 0.055288461538461536 0.0673076923076923 0.11057692307692307
1 0.6802884615384616 0.055288461538461536 0.0673076923076923 0.11057692307692307
1 0.5420673076923077 0.057692307692307696 0.07451923076923077 0.11538461538461539
1 0.8293269230769231 0.05889423076923077 0.0673076923076923 0.11778846153846154
1 0.609375 0.05889423076923077 0.06610576923076923 0.11778846153846154
1 0.24879807692307693 0.05889423076923077 0.07091346153846154 0.11778846153846154
0 0.3918269230769231 0.06009615384615385 0.0673076923076923 0.1201923076923077
1 0.17427884615384615 0.06009615384615385 0.06610576923076923 0.11899038461538461
0 0.9050480769230769 0.06129807692307692 0.06971153846153846 0.12259615384615384
1 0.6141826923076923 0.7391826923076923 0.07451923076923077 0.20552884615384615
1 0.5420673076923077 0.7427884615384616 0.078125 0.21033653846153846
1 0.3870192307692308 0.7475961538461539 0.07091346153846154 0.20793269230769232
1 0.6850961538461539 0.75 0.07211538461538461 0.22235576923076922
0 0.8341346153846154 0.7512019230769231 0.07692307692307693 0.23076923076923078
1 0.9026442307692307 0.7512019230769231 0.057692307692307696 0.21033653846153846
1 0.7560096153846154 0.7524038461538461 0.0829326923076923 0.21634615384615385
1 0.9699519230769231 0.7536057692307693 0.055288461538461536 0.2091346153846154
1 0.19591346153846154 0.7536057692307693 0.09735576923076923 0.23918269230769232
0 0.4639423076923077 0.7560096153846154 0.06490384615384616 0.2548076923076923
1 0.29927884615384615 0.7608173076923077 0.09014423076923077 0.21875
0 0.24759615384615385 0.9387019230769231 0.06610576923076923 0.11899038461538461
1 0.9699519230769231 0.9411057692307693 0.056490384615384616 0.1141826923076923
1 0.5372596153846154 0.9411057692307693 0.07932692307692307 0.1141826923076923
1 0.39663461538461536 0.9411057692307693 0.0673076923076923 0.1141826923076923
1 0.9014423076923077 0.9411057692307693 0.06610576923076923 0.1141826923076923
1 0.1778846153846154 0.9423076923076923 0.06490384615384616 0.11057692307692307
1 0.7560096153846154 0.9459134615384616 0.07572115384615384 0.1045673076923077
1 0.6814903846153846 0.9459134615384616 0.06971153846153846 0.1045673076923077
1 0.6129807692307693 0.9459134615384616 0.06971153846153846 0.1045673076923077
1 0.46634615384615385 0.9459134615384616 0.06971153846153846 0.1045673076923077
1 0.3245192307692308 0.9495192307692307 0.05889423076923077 0.09735576923076923
1 0.8245192307692307 0.9507211538461539 0.06610576923076923 0.09375