1 0.6262019230769231 0.19591346153846154 0.11778846153846154 0.25
1 0.8377403846153846 0.15144230769230768 0.11057692307692307 0.22596153846153846
1 0.34375 0.25841346153846156 0.11778846153846154 0.25
1 0.7668269230769231 0.16947115384615385 0.11298076923076923 0.23798076923076922
0 0.6947115384615384 0.1875 0.11538461538461539 0.2620192307692308
1 0.41346153846153844 0.2548076923076923 0.10817307692307693 0.2091346153846154
1 0.15144230769230768 0.3112980769230769 0.15144230769230768 0.27403846153846156
0 0.5552884615384616 0.2283653846153846 0.1201923076923077 0.2548076923076923
1 0.484375 0.24639423076923078 0.11298076923076923 0.22355769230769232
1 0.25600961538461536 0.2980769230769231 0.14423076923076922 0.2548076923076923
1 0.9050480769230769 0.16466346153846154 0.09375 0.20673076923076922
1 0.23317307692307693 0.10096153846153846 0.07932692307692307 0.11778846153846154
1 0.3786057692307692 0.07091346153846154 0.09134615384615384 0.12259615384615384
1 0.6586538461538461 0.037259615384615384 0.09134615384615384 0.07451923076923077
1 0.5841346153846154 0.04567307692307692 0.09134615384615384 0.09134615384615384
1 0.45072115384615385 0.0625 0.0985576923076923 0.125
1 0.7319711538461539 0.03365384615384615 0.09375 0.0673076923076923
1 0.5168269230769231 0.056490384615384616 0.09134615384615384 0.11298076923076923
1 0.1622596153846154 0.1201923076923077 0.09375 0.12980769230769232
0 0.30288461538461536 0.09254807692307693 0.09134615384615384 0.13221153846153846
1 0.09014423076923077 0.13701923076923078 0.0889423076923077 0.12980769230769232
0 0.8052884615384616 0.027644230769230768 0.09615384615384616 0.055288461538461536
1 0.6610576923076923 0.7103365384615384 0.11538461538461539 0.21634615384615385
1 0.5913461538461539 0.7283653846153846 0.1201923076923077 0.22355769230769232
1 0.4411057692307692 0.765625 0.11298076923076923 0.21875
1 0.7331730769230769 0.7055288461538461 0.11778846153846154 0.23076923076923078
0 0.8786057692307693 0.6766826923076923 0.12259615384615384 0.24278846153846154
1 0.9459134615384616 0.6622596153846154 0.10096153846153846 0.21634615384615385
1 0.8028846153846154 0.6935096153846154 0.12740384615384615 0.2283653846153846
1 0.9795673076923077 0.6502403846153846 0.036057692307692304 0.21875
1 0.2548076923076923 0.8112980769230769 0.14423076923076922 0.2548076923076923
0 0.5180288461538461 0.7584134615384616 0.11538461538461539 0.2620192307692308
1 0.3581730769230769 0.796875 0.13221153846153846 0.23317307692307693
0 0.34375 0.9567307692307693 0.09134615384615384 0.08173076923076923
1 0.6286057692307693 0.9242788461538461 0.10096153846153846 0.12740384615384615
1 0.49038461538461536 0.9435096153846154 0.09134615384615384 0.10817307692307693
1 0.96875 0.8497596153846154 0.057692307692307696 0.12740384615384615
1 0.2776442307692308 0.9675480769230769 0.0889423076923077 0.06009615384615385
1 0.8425480769230769 0.8834134615384616 0.09615384615384616 0.11778846153846154
1 0.7704326923076923 0.8978365384615384 0.0889423076923077 0.11538461538461539
1 0.703125 0.9122596153846154 0.09134615384615384 0.11538461538461539
1 0.5600961538461539 0.9411057692307693 0.09134615384615384 0.11298076923076923
1 0.421875 0.9603365384615384 0.07932692307692307 0.07451923076923077
1 0.9110576923076923 0.8737980769230769 0.08413461538461539 0.10576923076923077