1 0.2776442307692308 0.25721153846153844 0.10336538461538461 0.25
1 0.06370192307692307 0.28846153846153844 0.09615384615384616 0.22355769230769232
1 0.5637019230769231 0.21875 0.10336538461538461 0.25
1 0.13701923076923078 0.2800480769230769 0.0985576923076923 0.23557692307692307
0 0.2091346153846154 0.27283653846153844 0.0985576923076923 0.2620192307692308
1 0.49759615384615385 0.23918269230769232 0.09615384615384616 0.2091346153846154
1 0.7632211538461539 0.203125 0.1346153846153846 0.27163461538461536
0 0.3545673076923077 0.26322115384615385 0.10336538461538461 0.25240384615384615
1 0.42788461538461536 0.25600961538461536 0.10096153846153846 0.22355769230769232
1 0.6610576923076923 0.22596153846153846 0.12980769230769232 0.25240384615384615
1 0.021634615384615384 0.3233173076923077 0.04326923076923077 0.20432692307692307
1 0.6117788461538461 0.04447115384615385 0.06971153846153846 0.0889423076923077
1 0.46634615384615385 0.055288461538461536 0.08173076923076923 0.11057692307692307
1 0.18509615384615385 0.09495192307692307 0.08173076923076923 0.11778846153846154
1 0.25961538461538464 0.08413461538461539 0.08173076923076923 0.11778846153846154
1 0.39663461538461536 0.0673076923076923 0.0889423076923077 0.125
1 0.11298076923076923 0.109375 0.08413461538461539 0.125
1 0.33052884615384615 0.078125 0.08173076923076923 0.125
1 0.6875 0.04567307692307692 0.08653846153846154 0.09134615384615384
0 0.5432692307692307 0.055288461538461536 0.08173076923076923 0.11057692307692307
1 0.7596153846153846 0.040865384615384616 0.08173076923076923 0.08173076923076923
0 0.038461538461538464 0.12139423076923077 0.07692307692307693 0.12740384615384615
1 0.4206730769230769 0.7524038461538461 0.10336538461538461 0.21394230769230768
1 0.49158653846153844 0.7463942307692307 0.10576923076923077 0.21875
1 0.6466346153846154 0.7295673076923077 0.0985576923076923 0.21634615384615385
1 0.35096153846153844 0.7728365384615384 0.10336538461538461 0.23076923076923078
0 0.20432692307692307 0.7956730769230769 0.10817307692307693 0.2403846153846154
1 0.13581730769230768 0.8052884615384616 0.08653846153846154 0.21634615384615385
1 0.28125 0.7860576923076923 0.11298076923076923 0.22596153846153846
1 0.06850961538461539 0.8161057692307693 0.08653846153846154 0.21394230769230768
1 0.8365384615384616 0.7091346153846154 0.12980769230769232 0.25
0 0.5709134615384616 0.7487980769230769 0.0985576923076923 0.2620192307692308
1 0.7355769230769231 0.7307692307692307 0.1201923076923077 0.2283653846153846
0 0.8100961538461539 0.8990384615384616 0.08173076923076923 0.12980769230769232
1 0.09615384615384616 0.9699519230769231 0.07211538461538461 0.06009615384615385
1 0.5240384615384616 0.9399038461538461 0.09134615384615384 0.1201923076923077
1 0.6646634615384616 0.921875 0.08173076923076923 0.125
1 0.1622596153846154 0.9651442307692307 0.07932692307692307 0.06971153846153846
1 0.8810096153846154 0.8942307692307693 0.07692307692307693 0.1201923076923077
1 0.3088942307692308 0.9603365384615384 0.0889423076923077 0.07932692307692307
1 0.38221153846153844 0.9543269230769231 0.08173076923076923 0.09134615384615384
1 0.4519230769230769 0.9495192307692307 0.08173076923076923 0.10096153846153846
1 0.5949519230769231 0.9375 0.08413461538461539 0.11538461538461539
1 0.7367788461538461 0.9206730769230769 0.07211538461538461 0.10576923076923077
1 0.24158653846153846 0.9699519230769231 0.07932692307692307 0.06009615384615385