1 0.2956730769230769 0.24158653846153846 0.08653846153846154 0.24519230769230768
1 0.07932692307692307 0.25841346153846156 0.08173076923076923 0.22115384615384615
1 0.5829326923076923 0.2247596153846154 0.08653846153846154 0.24759615384615385
1 0.15264423076923078 0.25600961538461536 0.08413461538461539 0.23317307692307693
0 0.22596153846153846 0.25240384615384615 0.08173076923076923 0.25961538461538464
1 0.515625 0.2403846153846154 0.08413461538461539 0.20432692307692307
1 0.7824519230769231 0.22235576923076922 0.11538461538461539 0.2668269230769231
0 0.3713942307692308 0.2536057692307692 0.0889423076923077 0.24759615384615385
1 0.44471153846153844 0.25240384615384615 0.08653846153846154 0.21875
1 0.6790865384615384 0.23798076923076922 0.11298076923076923 0.24759615384615385
1 0.026442307692307692 0.28966346153846156 0.052884615384615384 0.20432692307692307
1 0.6466346153846154 0.05048076923076923 0.0673076923076923 0.10096153846153846
1 0.4987980769230769 0.056490384615384616 0.07932692307692307 0.11298076923076923
1 0.21394230769230768 0.07451923076923077 0.07451923076923077 0.11538461538461539
1 0.28966346153846156 0.06850961538461539 0.07451923076923077 0.11538461538461539
1 0.4266826923076923 0.06129807692307692 0.08173076923076923 0.1201923076923077
1 0.140625 0.0829326923076923 0.07451923076923077 0.12259615384615384
1 0.3605769230769231 0.0673076923076923 0.07451923076923077 0.12259615384615384
1 0.7211538461538461 0.052884615384615384 0.08173076923076923 0.10576923076923077
0 0.5769230769230769 0.05889423076923077 0.07692307692307693 0.11778846153846154
1 0.7956730769230769 0.05048076923076923 0.07692307692307693 0.10096153846153846
0 0.06490384615384616 0.09014423076923077 0.07692307692307693 0.12740384615384615
1 0.4026442307692308 0.7463942307692307 0.0889423076923077 0.2091346153846154
1 0.47475961538461536 0.7451923076923077 0.09375 0.21634615384615385
1 0.6298076923076923 0.7391826923076923 0.08413461538461539 0.21153846153846154
1 0.3329326923076923 0.7620192307692307 0.08653846153846154 0.22596153846153846
0 0.18389423076923078 0.7740384615384616 0.09375 0.23557692307692307
1 0.11538461538461539 0.7788461538461539 0.07211538461538461 0.21394230769230768
1 0.2620192307692308 0.7692307692307693 0.0985576923076923 0.22115384615384615
1 0.04807692307692308 0.7848557692307693 0.07211538461538461 0.2091346153846154
1 0.8209134615384616 0.7319711538461539 0.11298076923076923 0.24519230769230768
0 0.5540865384615384 0.7524038461538461 0.08173076923076923 0.25961538461538464
1 0.71875 0.7463942307692307 0.10576923076923077 0.22355769230769232
0 0.7824519230769231 0.9194711538461539 0.07451923076923077 0.12259615384615384
1 0.0625 0.9555288461538461 0.0673076923076923 0.08413461538461539
1 0.49399038461538464 0.9399038461538461 0.0889423076923077 0.11538461538461539
1 0.6334134615384616 0.9326923076923077 0.07451923076923077 0.11778846153846154
1 0.12980769230769232 0.953125 0.07692307692307693 0.0889423076923077
1 0.8521634615384616 0.9182692307692307 0.07211538461538461 0.11538461538461539
1 0.27524038461538464 0.9519230769230769 0.08413461538461539 0.09134615384615384
1 0.34975961538461536 0.9507211538461539 0.07932692307692307 0.09375
1 0.41947115384615385 0.9483173076923077 0.07932692307692307 0.0985576923076923
1 0.5649038461538461 0.9423076923076923 0.07692307692307693 0.10817307692307693
1 0.7067307692307693 0.9362980769230769 0.06490384615384616 0.10096153846153846
1 0.20793269230769232 0.9603365384615384 0.07451923076923077 0.07451923076923077