1 0.265625 0.2692307692307692 0.11538461538461539 0.25
1 0.052884615384615384 0.3112980769230769 0.10576923076923077 0.22596153846153846
1 0.5492788461538461 0.21634615384615385 0.11538461538461539 0.25240384615384615
1 0.125 0.29927884615384615 0.11057692307692307 0.23798076923076922
0 0.19831730769230768 0.28846153846153844 0.11298076923076923 0.2620192307692308
1 0.4831730769230769 0.2403846153846154 0.10576923076923077 0.2091346153846154
1 0.7475961538461539 0.18990384615384615 0.1466346153846154 0.27403846153846156
0 0.3425480769230769 0.2704326923076923 0.11538461538461539 0.25240384615384615
1 0.41586538461538464 0.2608173076923077 0.11057692307692307 0.22355769230769232
1 0.6454326923076923 0.21875 0.14182692307692307 0.2548076923076923
1 0.020432692307692308 0.34975961538461536 0.040865384615384616 0.2091346153846154
1 0.5901442307692307 0.04447115384615385 0.07932692307692307 0.0889423076923077
1 0.44471153846153844 0.06009615384615385 0.09134615384615384 0.1201923076923077
1 0.16346153846153846 0.11177884615384616 0.08653846153846154 0.1201923076923077
1 0.23798076923076922 0.09735576923076923 0.08653846153846154 0.1201923076923077
1 0.3737980769230769 0.0733173076923077 0.09615384615384616 0.12740384615384615
1 0.09254807692307693 0.12980769230769232 0.0889423076923077 0.12740384615384615
1 0.3088942307692308 0.08774038461538461 0.08653846153846154 0.12740384615384615
1 0.6622596153846154 0.04326923076923077 0.09375 0.08653846153846154
0 0.5240384615384616 0.057692307692307696 0.09134615384615384 0.11538461538461539
1 0.7367788461538461 0.036057692307692304 0.0889423076923077 0.07211538461538461
0 0.03365384615384615 0.14783653846153846 0.0673076923076923 0.13701923076923078
1 0.4338942307692308 0.7560096153846154 0.11298076923076923 0.21634615384615385
1 0.5048076923076923 0.7463942307692307 0.11778846153846154 0.22115384615384615
1 0.6586538461538461 0.7211538461538461 0.10817307692307693 0.21875
1 0.36658653846153844 0.78125 0.11298076923076923 0.23317307692307693
0 0.21995192307692307 0.8100961538461539 0.1201923076923077 0.2403846153846154
1 0.15264423076923078 0.8233173076923077 0.09615384615384616 0.21634615384615385
1 0.296875 0.796875 0.12259615384615384 0.2283653846153846
1 0.08533653846153846 0.8377403846153846 0.09615384615384616 0.21394230769230768
1 0.8473557692307693 0.6911057692307693 0.14182692307692307 0.25240384615384615
0 0.5841346153846154 0.7439903846153846 0.11298076923076923 0.2620192307692308
1 0.7463942307692307 0.7175480769230769 0.12980769230769232 0.23076923076923078
0 0.8317307692307693 0.8822115384615384 0.08653846153846154 0.12980769230769232
1 0.12379807692307693 0.9795673076923077 0.07932692307692307 0.036057692307692304
1 0.5480769230769231 0.9362980769230769 0.10096153846153846 0.12259615384615384
1 0.6850961538461539 0.9134615384615384 0.0889423076923077 0.125
1 0.19110576923076922 0.9723557692307693 0.0889423076923077 0.05048076923076923
1 0.9002403846153846 0.8725961538461539 0.08413461538461539 0.1201923076923077
1 0.33413461538461536 0.9627403846153846 0.09615384615384616 0.06971153846153846
1 0.40865384615384615 0.9555288461538461 0.09134615384615384 0.08413461538461539
1 0.47596153846153844 0.9495192307692307 0.09134615384615384 0.09615384615384616
1 0.6177884615384616 0.9314903846153846 0.0889423076923077 0.11538461538461539
1 0.7584134615384616 0.9074519230769231 0.07692307692307693 0.10576923076923077
1 0.26802884615384615 0.9747596153846154 0.08413461538461539 0.04567307692307692