1 0.3641826923076923 0.20072115384615385 0.11057692307692307 0.25
1 0.1502403846153846 0.16346153846153846 0.10336538461538461 0.22596153846153846
1 0.6478365384615384 0.25240384615384615 0.11057692307692307 0.25240384615384615
1 0.22235576923076922 0.17908653846153846 0.10817307692307693 0.23798076923076922
0 0.29447115384615385 0.1935096153846154 0.10817307692307693 0.2620192307692308
1 0.578125 0.2512019230769231 0.10336538461538461 0.2091346153846154
1 0.8413461538461539 0.29927884615384615 0.14182692307692307 0.27403846153846156
0 0.43509615384615385 0.22956730769230768 0.11298076923076923 0.25240384615384615
1 0.5072115384615384 0.24639423076923078 0.10817307692307693 0.22355769230769232
1 0.7367788461538461 0.28966346153846156 0.13701923076923078 0.2548076923076923
1 0.0829326923076923 0.17908653846153846 0.08653846153846154 0.20673076923076922
1 0.7524038461538461 0.09134615384615384 0.07451923076923077 0.11538461538461539
1 0.6069711538461539 0.0673076923076923 0.0889423076923077 0.1201923076923077
1 0.32572115384615385 0.039663461538461536 0.0889423076923077 0.07932692307692307
1 0.40024038461538464 0.046875 0.0889423076923077 0.09375
1 0.5360576923076923 0.06129807692307692 0.09615384615384616 0.12259615384615384
1 0.2536057692307692 0.037259615384615384 0.0889423076923077 0.07451923076923077
1 0.4699519230769231 0.056490384615384616 0.0889423076923077 0.11298076923076923
1 0.8245192307692307 0.109375 0.09134615384615384 0.12740384615384615
0 0.6826923076923077 0.08533653846153846 0.08653846153846154 0.12980769230769232
1 0.8966346153846154 0.12379807692307693 0.08653846153846154 0.12980769230769232
0 0.1778846153846154 0.03245192307692308 0.09134615384615384 0.06490384615384616
1 0.34615384615384615 0.7151442307692307 0.10817307692307693 0.21634615384615385
1 0.41586538461538464 0.7319711538461539 0.11298076923076923 0.22115384615384615
1 0.5685096153846154 0.7632211538461539 0.10576923076923077 0.21634615384615385
1 0.27403846153846156 0.7139423076923077 0.11057692307692307 0.23076923076923078
0 0.12740384615384615 0.6899038461538461 0.11538461538461539 0.2403846153846154
1 0.06009615384615385 0.6778846153846154 0.09375 0.21634615384615385
1 0.20432692307692307 0.7043269230769231 0.1201923076923077 0.2283653846153846
1 0.020432692307692308 0.6682692307692307 0.040865384615384616 0.21634615384615385
1 0.7560096153846154 0.8028846153846154 0.13701923076923078 0.25240384615384615
0 0.49158653846153844 0.7584134615384616 0.10817307692307693 0.2620192307692308
1 0.6526442307692307 0.7920673076923077 0.12740384615384615 0.23076923076923078
0 0.671875 0.9543269230769231 0.0889423076923077 0.08653846153846154
1 0.3870192307692308 0.9278846153846154 0.0985576923076923 0.12740384615384615
1 0.5252403846153846 0.9435096153846154 0.0889423076923077 0.10817307692307693
1 0.036057692307692304 0.8641826923076923 0.07211538461538461 0.12740384615384615
1 0.7403846153846154 0.9639423076923077 0.08653846153846154 0.0673076923076923
1 0.17067307692307693 0.8942307692307693 0.09375 0.11538461538461539
1 0.2439903846153846 0.9074519230769231 0.08653846153846154 0.11538461538461539
1 0.3112980769230769 0.9194711538461539 0.08653846153846154 0.11538461538461539
1 0.45552884615384615 0.9423076923076923 0.0889423076923077 0.11057692307692307
1 0.5961538461538461 0.9591346153846154 0.07692307692307693 0.07692307692307693
1 0.10216346153846154 0.8870192307692307 0.08173076923076923 0.10336538461538461