1 0.313575 0.227875 0.06976249999999996 0.24114583333333334
1 0.09782500000000001 0.22916666666666666 0.0664 0.21770833333333334
1 0.6024375 0.23099999999999998 0.06936250000000001 0.2421875
1 0.170625 0.23204166666666665 0.06825 0.22864583333333333
0 0.24373750000000002 0.23489583333333333 0.06447499999999998 0.2552083333333333
1 0.5337 0.24141666666666667 0.06938749999999999 0.20052083333333334
1 0.8014625 0.24270833333333333 0.09866250000000008 0.2604166666666667
0 0.3891875 0.24479166666666666 0.07098749999999995 0.24375
1 0.46277500000000005 0.24870833333333334 0.07127499999999998 0.21510416666666668
1 0.6974125 0.25079166666666663 0.09682500000000005 0.24010416666666667
1 0.033312499999999995 0.2565208333333333 0.0529875 0.19947916666666668
1 0.677425 0.05339583333333332 0.056837500000000034 0.10677083333333333
1 0.5296375 0.05443749999999999 0.06751249999999999 0.10885416666666667
1 0.2435875 0.055479166666666656 0.06728749999999999 0.1109375
1 0.319975 0.055479166666666656 0.06695000000000001 0.1109375
1 0.45746250000000005 0.05756249999999999 0.07439999999999998 0.11510416666666666
1 0.1711 0.05860416666666666 0.06731250000000001 0.1171875
1 0.39012500000000006 0.05860416666666666 0.06661249999999995 0.1171875
1 0.7514749999999999 0.05860416666666666 0.07118750000000006 0.1171875
0 0.6075875 0.059375 0.06405000000000001 0.11875
1 0.825525 0.05964583333333332 0.06553750000000008 0.11927083333333334
0 0.09438750000000001 0.06041666666666667 0.065775 0.12083333333333333
1 0.3862125 0.7388125 0.07442499999999995 0.20572916666666666
1 0.45823749999999996 0.7429791666666666 0.07783749999999998 0.20989583333333334
1 0.6127499999999999 0.7479166666666667 0.07123749999999994 0.20833333333333334
1 0.314825 0.7494791666666667 0.07226249999999997 0.221875
0 0.1653125 0.7513124999999999 0.07637500000000001 0.23072916666666668
1 0.0968875 0.7513124999999999 0.05827500000000001 0.20989583333333334
1 0.243425 0.7520833333333333 0.08259999999999998 0.21666666666666667
1 0.028650000000000002 0.7526041666666666 0.057300000000000004 0.20729166666666668
1 0.80365 0.753125 0.09678750000000008 0.23958333333333334
0 0.5360375 0.7557291666666667 0.0647 0.2552083333333333
1 0.7005374999999999 0.7612083333333334 0.09057500000000004 0.21927083333333333
0 0.75125 0.9395833333333333 0.065 0.12083333333333333
1 0.031125 0.9416666666666667 0.0548625 0.11666666666666667
1 0.46354999999999996 0.9416666666666667 0.07721249999999998 0.11666666666666667
1 0.604 0.9416666666666667 0.0662375 0.11666666666666667
1 0.0986125 0.9416666666666667 0.0648375 0.11666666666666667
1 0.8228624999999999 0.9442708333333333 0.06335000000000007 0.11145833333333334
1 0.244525 0.946875 0.07541249999999998 0.10625
1 0.31920000000000004 0.946875 0.06851249999999996 0.10625
1 0.38793750000000005 0.946875 0.06848749999999995 0.10625
1 0.5337 0.946875 0.06938749999999999 0.10625
1 0.675 0.95 0.0575 0.1
1 0.175625 0.9520833333333333 0.06575000000000002 0.09583333333333334