1 0.7139423076923077 0.24879807692307693 0.09375 0.24759615384615385
1 0.9290865384615384 0.27283653846153844 0.0889423076923077 0.22355769230769232
1 0.4266826923076923 0.22115384615384615 0.09375 0.24759615384615385
1 0.8557692307692307 0.26802884615384615 0.09134615384615384 0.23317307692307693
0 0.7824519230769231 0.2620192307692308 0.09134615384615384 0.25961538461538464
1 0.49399038461538464 0.23918269230769232 0.09134615384615384 0.20673076923076922
1 0.22716346153846154 0.2127403846153846 0.125 0.2692307692307692
0 0.6370192307692307 0.25841346153846156 0.09615384615384616 0.25
1 0.5637019230769231 0.2536057692307692 0.09375 0.22115384615384615
1 0.33052884615384615 0.23197115384615385 0.12259615384615384 0.25
1 0.9747596153846154 0.3076923076923077 0.04567307692307692 0.20673076923076922
1 0.3701923076923077 0.04807692307692308 0.07211538461538461 0.09615384615384616
1 0.5180288461538461 0.057692307692307696 0.08413461538461539 0.11538461538461539
1 0.8016826923076923 0.08413461538461539 0.07932692307692307 0.11778846153846154
1 0.7259615384615384 0.07692307692307693 0.07932692307692307 0.11778846153846154
1 0.5877403846153846 0.06490384615384616 0.08653846153846154 0.12259615384615384
1 0.8737980769230769 0.09615384615384616 0.07932692307692307 0.125
1 0.6550480769230769 0.0733173076923077 0.07692307692307693 0.125
1 0.296875 0.04927884615384615 0.08413461538461539 0.0985576923076923
0 0.43990384615384615 0.05889423076923077 0.08173076923076923 0.11778846153846154
1 0.22355769230769232 0.046875 0.08173076923076923 0.09375
0 0.9483173076923077 0.10576923076923077 0.08173076923076923 0.12980769230769232
1 0.5889423076923077 0.75 0.09615384615384616 0.21153846153846154
1 0.5168269230769231 0.7463942307692307 0.0985576923076923 0.21634615384615385
1 0.36177884615384615 0.734375 0.09134615384615384 0.21394230769230768
1 0.6574519230769231 0.7680288461538461 0.09615384615384616 0.2283653846153846
0 0.8064903846153846 0.7848557692307693 0.10096153846153846 0.23798076923076922
1 0.8737980769230769 0.7920673076923077 0.07932692307692307 0.21634615384615385
1 0.7283653846153846 0.7776442307692307 0.10576923076923077 0.22355769230769232
1 0.9411057692307693 0.8016826923076923 0.07692307692307693 0.21394230769230768
1 0.17067307692307693 0.7199519230769231 0.12259615384615384 0.24759615384615385
0 0.4375 0.7512019230769231 0.09134615384615384 0.25961538461538464
1 0.27283653846153844 0.7379807692307693 0.11298076923076923 0.22596153846153846
0 0.203125 0.9098557692307693 0.07932692307692307 0.125
1 0.921875 0.9627403846153846 0.06971153846153846 0.06971153846153846
1 0.49158653846153844 0.9387019230769231 0.09375 0.11778846153846154
1 0.35096153846153844 0.9278846153846154 0.07932692307692307 0.1201923076923077
1 0.8545673076923077 0.9591346153846154 0.07932692307692307 0.07692307692307693
1 0.13341346153846154 0.90625 0.07692307692307693 0.11778846153846154
1 0.7079326923076923 0.9555288461538461 0.0889423076923077 0.08413461538461539
1 0.6346153846153846 0.9519230769230769 0.08173076923076923 0.09134615384615384
1 0.5673076923076923 0.9483173076923077 0.08173076923076923 0.0985576923076923
1 0.41947115384615385 0.9399038461538461 0.07932692307692307 0.11057692307692307
1 0.27884615384615385 0.9290865384615384 0.06971153846153846 0.10336538461538461
1 0.7764423076923077 0.9639423076923077 0.07692307692307693 0.0673076923076923