1 0.2860576923076923 0.24879807692307693 0.09375 0.24759615384615385
1 0.07091346153846154 0.27283653846153844 0.0889423076923077 0.22355769230769232
1 0.5733173076923077 0.22115384615384615 0.09375 0.24759615384615385
1 0.14423076923076922 0.26802884615384615 0.09134615384615384 0.23317307692307693
0 0.21754807692307693 0.2620192307692308 0.09134615384615384 0.25961538461538464
1 0.5060096153846154 0.23918269230769232 0.09134615384615384 0.20673076923076922
1 0.7728365384615384 0.2127403846153846 0.125 0.2692307692307692
0 0.3629807692307692 0.25841346153846156 0.09615384615384616 0.25
1 0.4362980769230769 0.2536057692307692 0.09375 0.22115384615384615
1 0.6694711538461539 0.23197115384615385 0.12259615384615384 0.25
1 0.02403846153846154 0.30649038461538464 0.04807692307692308 0.20432692307692307
1 0.6286057692307693 0.04567307692307692 0.06490384615384616 0.09134615384615384
1 0.48197115384615385 0.055288461538461536 0.07932692307692307 0.11057692307692307
1 0.19831730769230768 0.08413461538461539 0.07932692307692307 0.11778846153846154
1 0.27403846153846156 0.07692307692307693 0.07932692307692307 0.11778846153846154
1 0.41225961538461536 0.06490384615384616 0.08653846153846154 0.12259615384615384
1 0.12620192307692307 0.09615384615384616 0.07932692307692307 0.125
1 0.3449519230769231 0.0733173076923077 0.07692307692307693 0.125
1 0.7019230769230769 0.04807692307692308 0.08173076923076923 0.09615384615384616
0 0.5600961538461539 0.056490384615384616 0.07692307692307693 0.11298076923076923
1 0.7776442307692307 0.04567307692307692 0.07932692307692307 0.09134615384615384
0 0.05048076923076923 0.1045673076923077 0.07932692307692307 0.12740384615384615
1 0.4110576923076923 0.75 0.09615384615384616 0.21153846153846154
1 0.4831730769230769 0.7463942307692307 0.0985576923076923 0.21634615384615385
1 0.6382211538461539 0.734375 0.09134615384615384 0.21394230769230768
1 0.3425480769230769 0.7680288461538461 0.09615384615384616 0.2283653846153846
0 0.1935096153846154 0.7848557692307693 0.10096153846153846 0.23798076923076922
1 0.12620192307692307 0.7920673076923077 0.07932692307692307 0.21634615384615385
1 0.27163461538461536 0.7776442307692307 0.10576923076923077 0.22355769230769232
1 0.057692307692307696 0.8004807692307693 0.07932692307692307 0.21153846153846154
1 0.8293269230769231 0.7199519230769231 0.12259615384615384 0.24759615384615385
0 0.5625 0.7512019230769231 0.09134615384615384 0.25961538461538464
1 0.7271634615384616 0.7379807692307693 0.11298076923076923 0.22596153846153846
0 0.7956730769230769 0.9098557692307693 0.07692307692307693 0.12980769230769232
1 0.07932692307692307 0.9627403846153846 0.0673076923076923 0.07451923076923077
1 0.5108173076923077 0.9399038461538461 0.0889423076923077 0.1201923076923077
1 0.6502403846153846 0.9278846153846154 0.07692307692307693 0.12259615384615384
1 0.1466346153846154 0.9591346153846154 0.07692307692307693 0.08173076923076923
1 0.8665865384615384 0.9074519230769231 0.07451923076923077 0.11778846153846154
1 0.29086538461538464 0.9567307692307693 0.08653846153846154 0.08653846153846154
1 0.36658653846153844 0.953125 0.07932692307692307 0.09375
1 0.4338942307692308 0.9495192307692307 0.07932692307692307 0.10096153846153846
1 0.5805288461538461 0.9411057692307693 0.07932692307692307 0.11298076923076923
1 0.7211538461538461 0.9290865384615384 0.0673076923076923 0.10576923076923077
1 0.22355769230769232 0.9651442307692307 0.07692307692307693 0.06971153846153846