1 0.7391826923076923 0.27283653846153844 0.11778846153846154 0.25
1 0.9459134615384616 0.32091346153846156 0.10336538461538461 0.2283653846153846
1 0.45552884615384615 0.21514423076923078 0.11778846153846154 0.25
1 0.8774038461538461 0.30649038461538464 0.11298076923076923 0.23798076923076922
0 0.8052884615384616 0.2932692307692308 0.11538461538461539 0.2620192307692308
1 0.5204326923076923 0.2403846153846154 0.10817307692307693 0.2091346153846154
1 0.25841346153846156 0.18509615384615385 0.15144230769230768 0.27403846153846156
0 0.6610576923076923 0.27403846153846156 0.1201923076923077 0.2548076923076923
1 0.5889423076923077 0.2620192307692308 0.11298076923076923 0.22355769230769232
1 0.359375 0.21514423076923078 0.14423076923076922 0.2548076923076923
1 0.9783653846153846 0.359375 0.038461538461538464 0.2091346153846154
1 0.4182692307692308 0.04326923076923077 0.08173076923076923 0.08653846153846154
1 0.5637019230769231 0.06129807692307692 0.09375 0.12259615384615384
1 0.8425480769230769 0.11778846153846154 0.0889423076923077 0.12259615384615384
1 0.7692307692307693 0.10216346153846154 0.0889423076923077 0.12259615384615384
1 0.6334134615384616 0.07572115384615384 0.09615384615384616 0.12740384615384615
1 0.9134615384615384 0.13701923076923078 0.09134615384615384 0.12980769230769232
1 0.6983173076923077 0.09134615384615384 0.0889423076923077 0.12980769230769232
1 0.34615384615384615 0.042067307692307696 0.09615384615384616 0.08413461538461539
0 0.48677884615384615 0.057692307692307696 0.09375 0.11538461538461539
1 0.27403846153846156 0.03485576923076923 0.09134615384615384 0.06971153846153846
0 0.96875 0.15504807692307693 0.057692307692307696 0.13701923076923078
1 0.5625 0.7572115384615384 0.11538461538461539 0.21634615384615385
1 0.49038461538461536 0.7463942307692307 0.1201923076923077 0.22355769230769232
1 0.33774038461538464 0.71875 0.11298076923076923 0.21875
1 0.6286057692307693 0.7824519230769231 0.11778846153846154 0.23076923076923078
0 0.7740384615384616 0.8149038461538461 0.12259615384615384 0.24278846153846154
1 0.8413461538461539 0.8293269230769231 0.10096153846153846 0.21634615384615385
1 0.6983173076923077 0.8004807692307693 0.12740384615384615 0.2283653846153846
1 0.9074519230769231 0.8461538461538461 0.0985576923076923 0.21634615384615385
1 0.1502403846153846 0.6850961538461539 0.14423076923076922 0.2548076923076923
0 0.4110576923076923 0.7427884615384616 0.11538461538461539 0.2620192307692308
1 0.25 0.7139423076923077 0.13221153846153846 0.23317307692307693
0 0.1622596153846154 0.8762019230769231 0.0889423076923077 0.12980769230769232
1 0.8677884615384616 0.9819711538461539 0.08173076923076923 0.03125
1 0.44591346153846156 0.9362980769230769 0.10336538461538461 0.12259615384615384
1 0.3076923076923077 0.9098557692307693 0.0889423076923077 0.125
1 0.8004807692307693 0.9747596153846154 0.09134615384615384 0.04567307692307692
1 0.09254807692307693 0.8653846153846154 0.08653846153846154 0.12259615384615384
1 0.6574519230769231 0.9639423076923077 0.0985576923076923 0.0673076923076923
1 0.5865384615384616 0.9567307692307693 0.09134615384615384 0.08173076923076923
1 0.5180288461538461 0.9495192307692307 0.09375 0.09615384615384616
1 0.3737980769230769 0.9290865384615384 0.0889423076923077 0.11538461538461539
1 0.234375 0.9026442307692307 0.07692307692307693 0.10576923076923077
1 0.7235576923076923 0.9759615384615384 0.08653846153846154 0.04326923076923077