1 0.3233173076923077 0.22235576923076922 0.07692307692307693 0.24278846153846154
1 0.10697115384615384 0.21514423076923078 0.07451923076923077 0.21875
1 0.6117788461538461 0.234375 0.07932692307692307 0.24519230769230768
1 0.18028846153846154 0.22115384615384615 0.07692307692307693 0.23076923076923078
0 0.2536057692307692 0.22596153846153846 0.07451923076923077 0.25721153846153844
1 0.5420673076923077 0.24278846153846154 0.07692307692307693 0.20192307692307693
1 0.8100961538461539 0.2536057692307692 0.10817307692307693 0.2644230769230769
0 0.39783653846153844 0.24158653846153846 0.07932692307692307 0.24519230769230768
1 0.47115384615384615 0.24759615384615385 0.07932692307692307 0.21634615384615385
1 0.7055288461538461 0.25841346153846156 0.10576923076923077 0.24278846153846154
1 0.042067307692307696 0.2403846153846154 0.06009615384615385 0.20192307692307693
1 0.6935096153846154 0.06009615384615385 0.0625 0.11057692307692307
1 0.5456730769230769 0.056490384615384616 0.07451923076923077 0.11298076923076923
1 0.2608173076923077 0.052884615384615384 0.07451923076923077 0.10576923076923077
1 0.33533653846153844 0.054086538461538464 0.07451923076923077 0.10817307692307693
1 0.4735576923076923 0.05889423076923077 0.08173076923076923 0.11778846153846154
1 0.18629807692307693 0.055288461538461536 0.07451923076923077 0.11057692307692307
1 0.40625 0.05889423076923077 0.07211538461538461 0.11778846153846154
1 0.7668269230769231 0.06850961538461539 0.07451923076923077 0.1201923076923077
0 0.6237980769230769 0.06370192307692307 0.07211538461538461 0.12259615384615384
1 0.8413461538461539 0.07211538461538461 0.06971153846153846 0.1201923076923077
0 0.11057692307692307 0.055288461538461536 0.07692307692307693 0.11057692307692307
1 0.37740384615384615 0.7355769230769231 0.08173076923076923 0.2091346153846154
1 0.4495192307692308 0.7415865384615384 0.08653846153846154 0.21394230769230768
1 0.6045673076923077 0.7512019230769231 0.07932692307692307 0.2091346153846154
1 0.30649038461538464 0.7427884615384616 0.07932692307692307 0.22355769230769232
0 0.15745192307692307 0.7391826923076923 0.08413461538461539 0.23317307692307693
1 0.0889423076923077 0.7367788461538461 0.06490384615384616 0.21153846153846154
1 0.23557692307692307 0.7427884615384616 0.09134615384615384 0.21875
1 0.027644230769230768 0.7355769230769231 0.055288461538461536 0.21153846153846154
1 0.7944711538461539 0.7644230769230769 0.10576923076923077 0.24278846153846154
0 0.5276442307692307 0.7572115384615384 0.07451923076923077 0.25721153846153844
1 0.6911057692307693 0.7680288461538461 0.0985576923076923 0.22115384615384615
0 0.7379807692307693 0.9423076923076923 0.07211538461538461 0.11057692307692307
1 0.02283653846153846 0.9242788461538461 0.04567307692307692 0.11778846153846154
1 0.44711538461538464 0.9399038461538461 0.08413461538461539 0.11778846153846154
1 0.5877403846153846 0.9423076923076923 0.07451923076923077 0.11057692307692307
1 0.0829326923076923 0.9266826923076923 0.06971153846153846 0.11538461538461539
1 0.8076923076923077 0.9471153846153846 0.07211538461538461 0.10096153846153846
1 0.2283653846153846 0.9362980769230769 0.07932692307692307 0.10817307692307693
1 0.30288461538461536 0.9399038461538461 0.07451923076923077 0.10576923076923077
1 0.3713942307692308 0.9411057692307693 0.07451923076923077 0.10576923076923077
1 0.5192307692307693 0.9459134615384616 0.07692307692307693 0.10336538461538461
1 0.6598557692307693 0.9519230769230769 0.06490384615384616 0.09134615384615384
1 0.15985576923076922 0.9387019230769231 0.06971153846153846 0.09615384615384616