1 0.6514423076923077 0.20793269230769232 0.0985576923076923 0.24759615384615385
1 0.8665865384615384 0.18269230769230768 0.09134615384615384 0.22355769230769232
1 0.36538461538461536 0.24519230769230768 0.0985576923076923 0.25
1 0.7944711538461539 0.1935096153846154 0.09615384615384616 0.23557692307692307
0 0.7211538461538461 0.20552884615384615 0.09615384615384616 0.2620192307692308
1 0.43509615384615385 0.24759615384615385 0.09375 0.20673076923076922
1 0.16947115384615385 0.28125 0.12980769230769232 0.27163461538461536
0 0.578125 0.23317307692307693 0.10096153846153846 0.25
1 0.5060096153846154 0.24639423076923078 0.09615384615384616 0.22115384615384615
1 0.27403846153846156 0.2776442307692308 0.125 0.25
1 0.9326923076923077 0.20072115384615385 0.07692307692307693 0.20432692307692307
1 0.2692307692307692 0.07932692307692307 0.06971153846153846 0.11538461538461539
1 0.41586538461538464 0.0625 0.08173076923076923 0.11778846153846154
1 0.6995192307692307 0.04447115384615385 0.08173076923076923 0.0889423076923077
1 0.625 0.04807692307692308 0.08173076923076923 0.09615384615384616
1 0.4879807692307692 0.05889423076923077 0.09134615384615384 0.11778846153846154
1 0.7728365384615384 0.04326923076923077 0.08413461538461539 0.08653846153846154
1 0.5552884615384616 0.056490384615384616 0.08173076923076923 0.11298076923076923
1 0.1971153846153846 0.09254807692307693 0.08413461538461539 0.125
0 0.3389423076923077 0.07692307692307693 0.08173076923076923 0.12740384615384615
1 0.12259615384615384 0.10336538461538461 0.07932692307692307 0.125
0 0.8485576923076923 0.040865384615384616 0.08653846153846154 0.08173076923076923
1 0.6430288461538461 0.7235576923076923 0.0985576923076923 0.21394230769230768
1 0.5709134615384616 0.7355769230769231 0.10336538461538461 0.21875
1 0.4182692307692308 0.7596153846153846 0.09615384615384616 0.21394230769230768
1 0.7139423076923077 0.7259615384615384 0.0985576923076923 0.2283653846153846
0 0.8617788461538461 0.7091346153846154 0.10336538461538461 0.23798076923076922
1 0.9302884615384616 0.7007211538461539 0.08173076923076923 0.21634615384615385
1 0.7848557692307693 0.71875 0.10817307692307693 0.22596153846153846
1 0.9771634615384616 0.6947115384615384 0.040865384615384616 0.21634615384615385
1 0.22956730769230768 0.7884615384615384 0.125 0.25
0 0.4951923076923077 0.7584134615384616 0.09615384615384616 0.2620192307692308
1 0.3329326923076923 0.7836538461538461 0.11538461538461539 0.2283653846153846
0 0.30288461538461536 0.9507211538461539 0.08173076923076923 0.09375
1 0.5901442307692307 0.9326923076923077 0.09375 0.12259615384615384
1 0.45072115384615385 0.9435096153846154 0.08413461538461539 0.10817307692307693
1 0.9519230769230769 0.8894230769230769 0.07932692307692307 0.1201923076923077
1 0.234375 0.9579326923076923 0.07932692307692307 0.07932692307692307
1 0.8088942307692307 0.9110576923076923 0.0889423076923077 0.11298076923076923
1 0.734375 0.9206730769230769 0.08173076923076923 0.11298076923076923
1 0.6670673076923077 0.9290865384615384 0.08173076923076923 0.11298076923076923
1 0.5204326923076923 0.9435096153846154 0.08413461538461539 0.10817307692307693
1 0.38221153846153844 0.9567307692307693 0.07211538461538461 0.08173076923076923
1 0.8774038461538461 0.9074519230769231 0.07692307692307693 0.10096153846153846