1 0.6358173076923077 0.20072115384615385 0.11057692307692307 0.25
1 0.8497596153846154 0.16346153846153846 0.10336538461538461 0.22596153846153846
1 0.35216346153846156 0.25240384615384615 0.11057692307692307 0.25240384615384615
1 0.7776442307692307 0.17908653846153846 0.10817307692307693 0.23798076923076922
0 0.7055288461538461 0.1935096153846154 0.10817307692307693 0.2620192307692308
1 0.421875 0.2512019230769231 0.10336538461538461 0.2091346153846154
1 0.15865384615384615 0.29927884615384615 0.14182692307692307 0.27403846153846156
0 0.5649038461538461 0.22956730769230768 0.11298076923076923 0.25240384615384615
1 0.49278846153846156 0.24639423076923078 0.10817307692307693 0.22355769230769232
1 0.26322115384615385 0.28966346153846156 0.13701923076923078 0.2548076923076923
1 0.9170673076923077 0.17908653846153846 0.08653846153846154 0.20673076923076922
1 0.24759615384615385 0.09134615384615384 0.07451923076923077 0.11538461538461539
1 0.39302884615384615 0.0673076923076923 0.0889423076923077 0.1201923076923077
1 0.6766826923076923 0.039663461538461536 0.0889423076923077 0.07932692307692307
1 0.5997596153846154 0.046875 0.0889423076923077 0.09375
1 0.46634615384615385 0.06129807692307692 0.09615384615384616 0.12259615384615384
1 0.7487980769230769 0.037259615384615384 0.0889423076923077 0.07451923076923077
1 0.5324519230769231 0.056490384615384616 0.0889423076923077 0.11298076923076923
1 0.17548076923076922 0.109375 0.09134615384615384 0.12740384615384615
0 0.3173076923076923 0.08533653846153846 0.08653846153846154 0.12980769230769232
1 0.10336538461538461 0.12379807692307693 0.08653846153846154 0.12980769230769232
0 0.8221153846153846 0.03245192307692308 0.09134615384615384 0.06490384615384616
1 0.6538461538461539 0.7151442307692307 0.10817307692307693 0.21634615384615385
1 0.5841346153846154 0.7319711538461539 0.11298076923076923 0.22115384615384615
1 0.43149038461538464 0.7632211538461539 0.10576923076923077 0.21634615384615385
1 0.7259615384615384 0.7139423076923077 0.11057692307692307 0.23076923076923078
0 0.8725961538461539 0.6899038461538461 0.11538461538461539 0.2403846153846154
1 0.9399038461538461 0.6778846153846154 0.09375 0.21634615384615385
1 0.7956730769230769 0.7043269230769231 0.1201923076923077 0.2283653846153846
1 0.9795673076923077 0.6694711538461539 0.036057692307692304 0.21875
1 0.2439903846153846 0.8028846153846154 0.13701923076923078 0.25240384615384615
0 0.5084134615384616 0.7584134615384616 0.10817307692307693 0.2620192307692308
1 0.3473557692307692 0.7920673076923077 0.12740384615384615 0.23076923076923078
0 0.328125 0.9543269230769231 0.0889423076923077 0.08653846153846154
1 0.6129807692307693 0.9278846153846154 0.0985576923076923 0.12740384615384615
1 0.47475961538461536 0.9435096153846154 0.0889423076923077 0.10817307692307693
1 0.9639423076923077 0.8641826923076923 0.0673076923076923 0.12740384615384615
1 0.25961538461538464 0.9639423076923077 0.08653846153846154 0.0673076923076923
1 0.8293269230769231 0.8942307692307693 0.09375 0.11538461538461539
1 0.7560096153846154 0.9074519230769231 0.08653846153846154 0.11538461538461539
1 0.6887019230769231 0.9194711538461539 0.08653846153846154 0.11538461538461539
1 0.5444711538461539 0.9423076923076923 0.0889423076923077 0.11057692307692307
1 0.40625 0.9591346153846154 0.07692307692307693 0.07692307692307693
1 0.8978365384615384 0.8870192307692307 0.08173076923076923 0.10336538461538461