0 0.06960170697012802 0.22375271149674622 0.13847795163584636 0.11937093275488073
0 0.8897297297297297 0.029240780911062907 0.10776671408250355 0.05668112798264643
0 0.7220199146514936 0.02978308026030369 0.15770981507823614 0.05954446854663774
0 0.7109103840682788 0.37739696312364424 0.18201991465149364 0.07422993492407803
0 0.9150640113798008 0.3843167028199566 0.1480938833570411 0.10132321041214747
0 0.2680796586059744 0.041670281995661605 0.16308677098150787 0.0752277657266811
0 0.29251778093883357 0.41587852494577005 0.14783783783783788 0.13290672451193056
0 0.07347083926031293 0.41668112798264645 0.13588904694167853 0.10292841648590019
0 0.07541963015647227 0.04950108459869848 0.1397724039829303 0.09900216919739696
0 0.49226173541963014 0.4955965292841649 0.0835561877667141 0.2923210412147506
0 0.9210241820768137 0.543709327548807 0.1548221906116642 0.10457700650759215
0 0.7154338549075391 0.5561388286334056 0.20401137980085343 0.08603036876355742
0 0.2931578947368421 0.5833622559652929 0.14913229018492172 0.14839479392624721
0 0.08330014224751067 0.5867028199566161 0.12658605974395448 0.10379609544468552
0 0.7191749644381223 0.7084164859002169 0.15719772403982937 0.10663774403470709
0 0.913371266002845 0.7196746203904555 0.17325746799431002 0.1409761388286334
0 0.2844950213371266 0.7249891540130152 0.18972972972972973 0.07665943600867686
0 0.09287339971550498 0.7313015184381778 0.17467994310099572 0.07351409978308023
0 0.9038406827880512 0.8488720173535791 0.16661450924608803 0.10355748373101954
0 0.0935135135135135 0.8577440347071584 0.11391180654338551 0.10160520607375279
0 0.7050924608819346 0.8595227765726682 0.172972972972973 0.10119305856832966
0 0.2751920341394026 0.8616919739696313 0.1669701280227596 0.09370932754880704
0 0.7091038406827881 0.9739696312364425 0.15220483641536273 0.052060737527114966
0 0.2766145092460882 0.9754446854663774 0.17189189189189186 0.04911062906724509
0 0.09157894736842105 0.9786550976138829 0.14106685633001426 0.039718004338394675
0 0.8843243243243243 0.9813665943600868 0.18755334281650057 0.03726681127982635
0 0.9140398293029872 0.1645770065075922 0.17190611664295863 0.11145336225596528
0 0.7097581792318635 0.19 0.17975817923186344 0.04672451193058567
0 0.2802275960170697 0.21212581344902384 0.1543100995732575 0.13950108459869845