0 0.9350961538461539 0.24639423076923078 0.125 0.12740384615384615
0 0.13581730769230768 0.021634615384615384 0.11298076923076923 0.04326923076923077
0 0.30288461538461536 0.027644230769230768 0.16346153846153846 0.055288461538461536
0 0.296875 0.36658653846153844 0.18509615384615385 0.08413461538461539
0 0.09134615384615384 0.3629807692307692 0.15384615384615385 0.10817307692307693
0 0.7560096153846154 0.055288461538461536 0.16826923076923078 0.08413461538461539
0 0.7115384615384616 0.4266826923076923 0.15384615384615385 0.14182692307692307
0 0.9278846153846154 0.4411057692307692 0.13942307692307693 0.11298076923076923
0 0.9362980769230769 0.0733173076923077 0.12259615384615384 0.10817307692307693
0 0.5072115384615384 0.4951923076923077 0.0985576923076923 0.2956730769230769
0 0.08052884615384616 0.5216346153846154 0.16105769230769232 0.11538461538461539
0 0.2824519230769231 0.5456730769230769 0.2091346153846154 0.09615384615384616
0 0.7019230769230769 0.59375 0.15625 0.15625
0 0.9122596153846154 0.6081730769230769 0.13221153846153846 0.11057692307692307
0 0.2704326923076923 0.6959134615384616 0.16346153846153846 0.11538461538461539
0 0.08413461538461539 0.6995192307692307 0.16826923076923078 0.15384615384615385
0 0.703125 0.7355769230769231 0.19471153846153846 0.08653846153846154
0 0.8942307692307693 0.7512019230769231 0.1778846153846154 0.08173076923076923
0 0.0829326923076923 0.8269230769230769 0.1658653846153846 0.11538461538461539
0 0.8870192307692307 0.8786057692307693 0.1201923076923077 0.10817307692307693
0 0.2764423076923077 0.8485576923076923 0.1778846153846154 0.11057692307692307
0 0.7055288461538461 0.8725961538461539 0.17067307692307693 0.10336538461538461
0 0.265625 0.9603365384615384 0.15625 0.057692307692307696
0 0.6983173076923077 0.9759615384615384 0.17548076923076922 0.04326923076923077
0 0.8846153846153846 0.9855769230769231 0.14423076923076922 0.02403846153846154
0 0.09375 0.9603365384615384 0.1875 0.05048076923076923
0 0.1045673076923077 0.14302884615384615 0.1778846153846154 0.1201923076923077
0 0.30649038461538464 0.17908653846153846 0.18269230769230768 0.055288461538461536
0 0.734375 0.22355769230769232 0.16105769230769232 0.1466346153846154