0 0.07451923076923077 0.21634615384615385 0.13942307692307693 0.1201923076923077
0 0.8978365384615384 0.036057692307692304 0.10817307692307693 0.057692307692307696
0 0.7307692307692307 0.03365384615384615 0.15865384615384615 0.0625
0 0.7127403846153846 0.38100961538461536 0.18269230769230768 0.07692307692307693
0 0.9170673076923077 0.3918269230769231 0.14903846153846154 0.10336538461538461
0 0.27524038461538464 0.038461538461538464 0.1658653846153846 0.07692307692307693
0 0.2932692307692308 0.41225961538461536 0.14903846153846154 0.13701923076923078
0 0.07451923076923077 0.4098557692307692 0.13701923076923078 0.10576923076923077
0 0.0829326923076923 0.04567307692307692 0.14182692307692307 0.09134615384615384
0 0.49278846153846156 0.4951923076923077 0.0889423076923077 0.2932692307692308
0 0.9194711538461539 0.5504807692307693 0.15625 0.10817307692307693
0 0.7139423076923077 0.5600961538461539 0.20673076923076922 0.0889423076923077
0 0.2920673076923077 0.5793269230769231 0.15144230769230768 0.15144230769230768
0 0.08173076923076923 0.5793269230769231 0.12740384615384615 0.10576923076923077
0 0.7151442307692307 0.7115384615384616 0.15865384615384615 0.11057692307692307
0 0.9098557692307693 0.7271634615384616 0.17548076923076922 0.14423076923076922
0 0.28125 0.7211538461538461 0.19230769230769232 0.07932692307692307
0 0.0889423076923077 0.7235576923076923 0.17548076923076922 0.07692307692307693
0 0.8978365384615384 0.8557692307692307 0.16826923076923078 0.10576923076923077
0 0.08774038461538461 0.8509615384615384 0.11538461538461539 0.10336538461538461
0 0.6995192307692307 0.8629807692307693 0.17548076923076922 0.10336538461538461
0 0.2692307692307692 0.8581730769230769 0.16826923076923078 0.09615384615384616
0 0.6995192307692307 0.9747596153846154 0.15384615384615385 0.05048076923076923
0 0.2668269230769231 0.9711538461538461 0.17067307692307693 0.052884615384615384
0 0.0829326923076923 0.9711538461538461 0.14182692307692307 0.04326923076923077
0 0.875 0.9831730769230769 0.1875 0.03365384615384615
0 0.9158653846153846 0.17067307692307693 0.16826923076923078 0.11538461538461539
0 0.7151442307692307 0.1935096153846154 0.18028846153846154 0.05048076923076923
0 0.2848557692307692 0.20793269230769232 0.15625 0.14182692307692307