0 0.09014423076923077 0.19471153846153846 0.1466346153846154 0.12740384615384615
0 0.921875 0.057692307692307696 0.11298076923076923 0.06490384615384616
0 0.7548076923076923 0.046875 0.16105769230769232 0.07211538461538461
0 0.71875 0.3918269230769231 0.18509615384615385 0.08653846153846154
0 0.921875 0.41346153846153844 0.15384615384615385 0.11057692307692307
0 0.3004807692307692 0.03485576923076923 0.16826923076923078 0.06971153846153846
0 0.2980769230769231 0.4014423076923077 0.15625 0.14423076923076922
0 0.08052884615384616 0.3870192307692308 0.14182692307692307 0.11298076923076923
0 0.10697115384615384 0.037259615384615384 0.1466346153846154 0.07451923076923077
0 0.49278846153846156 0.4951923076923077 0.10336538461538461 0.2980769230769231
0 0.9170673076923077 0.5721153846153846 0.16105769230769232 0.11538461538461539
0 0.7103365384615384 0.5709134615384616 0.2091346153846154 0.10096153846153846
0 0.28846153846153844 0.5685096153846154 0.15865384615384615 0.15865384615384615
0 0.078125 0.5576923076923077 0.13221153846153846 0.11298076923076923
0 0.703125 0.7223557692307693 0.16346153846153846 0.11778846153846154
0 0.8966346153846154 0.7487980769230769 0.18269230769230768 0.15144230769230768
0 0.2692307692307692 0.7091346153846154 0.19471153846153846 0.0889423076923077
0 0.0829326923076923 0.7007211538461539 0.1658653846153846 0.08413461538461539
0 0.8786057692307693 0.8762019230769231 0.17307692307692307 0.11538461538461539
0 0.06971153846153846 0.8293269230769231 0.1201923076923077 0.11057692307692307
0 0.6802884615384616 0.8725961538461539 0.18028846153846154 0.11298076923076923
0 0.25 0.8449519230769231 0.17307692307692307 0.10576923076923077
0 0.6742788461538461 0.9771634615384616 0.15625 0.04567307692307692
0 0.24278846153846154 0.9579326923076923 0.17307692307692307 0.0625
0 0.06490384615384616 0.9483173076923077 0.12980769230769232 0.05048076923076923
0 0.8497596153846154 0.9903846153846154 0.18990384615384615 0.019230769230769232
0 0.9230769230769231 0.1935096153846154 0.15384615384615385 0.12259615384615384
0 0.7319711538461539 0.20552884615384615 0.18269230769230768 0.06009615384615385
0 0.3004807692307692 0.1971153846153846 0.16346153846153846 0.14903846153846154