0 0.08533653846153846 0.20192307692307693 0.14423076923076922 0.125
0 0.9134615384615384 0.04927884615384615 0.11057692307692307 0.0625
0 0.7463942307692307 0.042067307692307696 0.16105769230769232 0.0673076923076923
0 0.7163461538461539 0.38822115384615385 0.18509615384615385 0.08413461538461539
0 0.9206730769230769 0.40625 0.15384615384615385 0.10817307692307693
0 0.29086538461538464 0.036057692307692304 0.16826923076923078 0.07211538461538461
0 0.296875 0.4050480769230769 0.15384615384615385 0.14182692307692307
0 0.078125 0.3954326923076923 0.14182692307692307 0.11057692307692307
0 0.0985576923076923 0.039663461538461536 0.14423076923076922 0.07932692307692307
0 0.49278846153846156 0.4951923076923077 0.0985576923076923 0.2956730769230769
0 0.9182692307692307 0.5649038461538461 0.16105769230769232 0.11298076923076923
0 0.7115384615384616 0.5673076923076923 0.2091346153846154 0.09615384615384616
0 0.28966346153846156 0.5721153846153846 0.15625 0.15625
0 0.07932692307692307 0.5649038461538461 0.13221153846153846 0.11057692307692307
0 0.7079326923076923 0.71875 0.16346153846153846 0.11538461538461539
0 0.9014423076923077 0.7415865384615384 0.18028846153846154 0.14903846153846154
0 0.27283653846153844 0.7127403846153846 0.19471153846153846 0.08653846153846154
0 0.08413461538461539 0.7091346153846154 0.16826923076923078 0.08173076923076923
0 0.8846153846153846 0.8689903846153846 0.17307692307692307 0.11298076923076923
0 0.07572115384615384 0.8365384615384616 0.1201923076923077 0.10817307692307693
0 0.6862980769230769 0.8701923076923077 0.1778846153846154 0.11057692307692307
0 0.25721153846153844 0.8497596153846154 0.17067307692307693 0.10336538461538461
0 0.6838942307692307 0.9771634615384616 0.15625 0.04567307692307692
0 0.2512019230769231 0.9627403846153846 0.17307692307692307 0.06009615384615385
0 0.06850961538461539 0.9567307692307693 0.13701923076923078 0.04807692307692308
0 0.859375 0.9879807692307693 0.18990384615384615 0.02403846153846154
0 0.9206730769230769 0.18509615384615385 0.15865384615384615 0.1201923076923077
0 0.7259615384615384 0.20192307692307693 0.18269230769230768 0.055288461538461536
0 0.2956730769230769 0.20072115384615385 0.16105769230769232 0.1466346153846154