0 0.06850961538461539 0.23197115384615385 0.13701923076923078 0.12259615384615384
0 0.8822115384615384 0.026442307692307692 0.11057692307692307 0.052884615384615384
0 0.7151442307692307 0.030048076923076924 0.16105769230769232 0.06009615384615385
0 0.7079326923076923 0.3737980769230769 0.18269230769230768 0.07692307692307693
0 0.9122596153846154 0.37740384615384615 0.14903846153846154 0.10336538461538461
0 0.25961538461538464 0.04567307692307692 0.1658653846153846 0.07932692307692307
0 0.29086538461538464 0.41947115384615385 0.14903846153846154 0.13701923076923078
0 0.07211538461538461 0.42427884615384615 0.13701923076923078 0.10576923076923077
0 0.07091346153846154 0.056490384615384616 0.14182692307692307 0.10336538461538461
0 0.49278846153846156 0.4951923076923077 0.0889423076923077 0.2932692307692308
0 0.9206730769230769 0.5360576923076923 0.15384615384615385 0.11057692307692307
0 0.7163461538461539 0.5528846153846154 0.20673076923076922 0.0889423076923077
0 0.29447115384615385 0.5865384615384616 0.15144230769230768 0.15144230769230768
0 0.08413461538461539 0.59375 0.12740384615384615 0.10576923076923077
0 0.7223557692307693 0.7043269230769231 0.15865384615384615 0.11057692307692307
0 0.9122596153846154 0.7139423076923077 0.17067307692307693 0.14903846153846154
0 0.28846153846153844 0.7283653846153846 0.19230769230769232 0.07932692307692307
0 0.09615384615384616 0.7379807692307693 0.17548076923076922 0.07692307692307693
0 0.9098557692307693 0.8413461538461539 0.16826923076923078 0.10576923076923077
0 0.09975961538461539 0.8653846153846154 0.11538461538461539 0.10336538461538461
0 0.7115384615384616 0.8557692307692307 0.17548076923076922 0.10336538461538461
0 0.28125 0.8653846153846154 0.16826923076923078 0.09615384615384616
0 0.71875 0.96875 0.15384615384615385 0.052884615384615384
0 0.2848557692307692 0.9747596153846154 0.17548076923076922 0.04567307692307692
0 0.10096153846153846 0.9807692307692307 0.14423076923076922 0.03365384615384615
0 0.8930288461538461 0.9723557692307693 0.18990384615384615 0.040865384615384616
0 0.9074519230769231 0.15745192307692307 0.17307692307692307 0.11538461538461539
0 0.7043269230769231 0.18629807692307693 0.18028846153846154 0.05048076923076923
0 0.27524038461538464 0.21514423076923078 0.15625 0.14182692307692307