0 0.5552884615384616 0.6538461538461539 0.08413461538461539 0.21153846153846154
0 0.49158653846153844 0.6658653846153846 0.07932692307692307 0.1971153846153846
1 0.4362980769230769 0.6862980769230769 0.08173076923076923 0.1971153846153846
0 0.2512019230769231 0.7163461538461539 0.08653846153846154 0.21394230769230768
1 0.6754807692307693 0.6490384615384616 0.08173076923076923 0.19230769230769232
1 0.7355769230769231 0.6394230769230769 0.08413461538461539 0.18990384615384615
1 0.31490384615384615 0.7067307692307693 0.09134615384615384 0.20192307692307693
1 0.6177884615384616 0.6586538461538461 0.08173076923076923 0.19951923076923078
1 0.7944711538461539 0.6322115384615384 0.07692307692307693 0.1875
1 0.3762019230769231 0.6995192307692307 0.08413461538461539 0.20192307692307693
1 0.19591346153846154 0.3641826923076923 0.0889423076923077 0.21394230769230768
1 0.32091346153846156 0.3449519230769231 0.08413461538461539 0.20673076923076922
1 0.4387019230769231 0.3269230769230769 0.08653846153846154 0.21875
1 0.25841346153846156 0.35697115384615385 0.08653846153846154 0.21394230769230768
1 0.6826923076923077 0.29086538461538464 0.08653846153846154 0.21394230769230768
1 0.6225961538461539 0.30288461538461536 0.08173076923076923 0.21394230769230768
0 0.7415865384615384 0.2848557692307692 0.07692307692307693 0.20673076923076922
0 0.5036057692307693 0.33774038461538464 0.08653846153846154 0.24278846153846154
0 0.38221153846153844 0.3641826923076923 0.08653846153846154 0.21394230769230768
0 0.5673076923076923 0.33653846153846156 0.07932692307692307 0.22115384615384615