0 0.4639423076923077 0.6598557692307693 0.06009615384615385 0.20673076923076922
0 0.5276442307692307 0.6634615384615384 0.055288461538461536 0.19471153846153846
1 0.5865384615384616 0.6778846153846154 0.06009615384615385 0.19230769230769232
0 0.7740384615384616 0.6838942307692307 0.0625 0.2091346153846154
1 0.34375 0.6694711538461539 0.06009615384615385 0.18990384615384615
1 0.28365384615384615 0.6670673076923077 0.0625 0.18509615384615385
1 0.7091346153846154 0.6826923076923077 0.06971153846153846 0.19471153846153846
1 0.4026442307692308 0.671875 0.06009615384615385 0.19471153846153846
1 0.22355769230769232 0.6670673076923077 0.055288461538461536 0.18509615384615385
1 0.6478365384615384 0.6826923076923077 0.06009615384615385 0.19471153846153846
1 0.7848557692307693 0.328125 0.06490384615384616 0.2091346153846154
1 0.6586538461538461 0.3245192307692308 0.0625 0.20432692307692307
1 0.5396634615384616 0.32091346153846156 0.06009615384615385 0.21394230769230768
1 0.7223557692307693 0.328125 0.0625 0.2091346153846154
1 0.2932692307692308 0.31490384615384615 0.0625 0.2091346153846154
1 0.3545673076923077 0.31971153846153844 0.057692307692307696 0.2091346153846154
0 0.234375 0.3161057692307692 0.055288461538461536 0.20192307692307693
0 0.47716346153846156 0.3389423076923077 0.057692307692307696 0.2403846153846154
0 0.5997596153846154 0.35096153846153844 0.0625 0.21153846153846154
0 0.41225961538461536 0.3449519230769231 0.052884615384615384 0.21875