0 0.4675480769230769 0.6610576923076923 0.055288461538461536 0.20673076923076922
0 0.53125 0.6622596153846154 0.052884615384615384 0.19230769230769232
1 0.5889423076923077 0.6754807692307693 0.055288461538461536 0.19230769230769232
0 0.7764423076923077 0.6790865384615384 0.057692307692307696 0.20673076923076922
1 0.34615384615384615 0.671875 0.055288461538461536 0.1875
1 0.2860576923076923 0.6706730769230769 0.057692307692307696 0.18269230769230768
1 0.7115384615384616 0.6790865384615384 0.06490384615384616 0.19471153846153846
1 0.4050480769230769 0.6742788461538461 0.055288461538461536 0.19471153846153846
1 0.22596153846153846 0.671875 0.052884615384615384 0.18269230769230768
1 0.6502403846153846 0.6802884615384616 0.057692307692307696 0.19471153846153846
1 0.7824519230769231 0.3233173076923077 0.06009615384615385 0.20673076923076922
1 0.65625 0.32091346153846156 0.057692307692307696 0.20192307692307693
1 0.5372596153846154 0.32091346153846156 0.057692307692307696 0.21394230769230768
1 0.7199519230769231 0.3245192307692308 0.06009615384615385 0.20673076923076922
1 0.29086538461538464 0.31850961538461536 0.057692307692307696 0.2091346153846154
1 0.35216346153846156 0.32211538461538464 0.055288461538461536 0.2091346153846154
0 0.23197115384615385 0.32091346153846156 0.05048076923076923 0.20192307692307693
0 0.4735576923076923 0.3401442307692308 0.052884615384615384 0.2403846153846154
0 0.5973557692307693 0.3485576923076923 0.057692307692307696 0.2091346153846154
0 0.4098557692307692 0.3473557692307692 0.05048076923076923 0.21875