0 0.4375 0.6514423076923077 0.09375 0.21153846153846154
0 0.4987980769230769 0.6658653846153846 0.0889423076923077 0.19951923076923078
1 0.5540865384615384 0.6899038461538461 0.09134615384615384 0.1971153846153846
0 0.7379807692307693 0.7283653846153846 0.09615384615384616 0.21394230769230768
1 0.3173076923076923 0.6394230769230769 0.09134615384615384 0.19471153846153846
1 0.25841346153846156 0.6262019230769231 0.09134615384615384 0.18990384615384615
1 0.6742788461538461 0.7163461538461539 0.10096153846153846 0.20192307692307693
1 0.3737980769230769 0.6526442307692307 0.09134615384615384 0.19951923076923078
1 0.19831730769230768 0.6165865384615384 0.08653846153846154 0.18990384615384615
1 0.6129807692307693 0.7055288461538461 0.09375 0.20192307692307693
1 0.8100961538461539 0.38100961538461536 0.0985576923076923 0.21394230769230768
1 0.6875 0.3545673076923077 0.09375 0.2091346153846154
1 0.5709134615384616 0.33052884615384615 0.09615384615384616 0.21875
1 0.7487980769230769 0.3701923076923077 0.09615384615384616 0.21394230769230768
1 0.3293269230769231 0.28125 0.09615384615384616 0.21394230769230768
1 0.38822115384615385 0.296875 0.09375 0.21394230769230768
0 0.2704326923076923 0.27283653846153844 0.08653846153846154 0.20673076923076922
0 0.5048076923076923 0.33774038461538464 0.0985576923076923 0.24519230769230768
0 0.625 0.3701923076923077 0.09615384615384616 0.21634615384615385
0 0.4411057692307692 0.3329326923076923 0.09134615384615384 0.22355769230769232