0 0.484375 0.6634615384615384 0.06971153846153846 0.2091346153846154
0 0.5480769230769231 0.6586538461538461 0.0673076923076923 0.1971153846153846
1 0.6069711538461539 0.6658653846153846 0.06971153846153846 0.19471153846153846
0 0.7944711538461539 0.6490384615384616 0.07211538461538461 0.21153846153846154
1 0.36538461538461536 0.6862980769230769 0.06971153846153846 0.19230769230769232
1 0.30528846153846156 0.6923076923076923 0.07211538461538461 0.1875
1 0.7295673076923077 0.65625 0.07932692307692307 0.1971153846153846
1 0.42427884615384615 0.6826923076923077 0.06971153846153846 0.1971153846153846
1 0.24639423076923078 0.6995192307692307 0.06490384615384616 0.18509615384615385
1 0.6682692307692307 0.6634615384615384 0.06971153846153846 0.19951923076923078
1 0.7620192307692307 0.29447115384615385 0.07451923076923077 0.21153846153846154
1 0.6358173076923077 0.30649038461538464 0.07211538461538461 0.20673076923076922
1 0.5180288461538461 0.3173076923076923 0.07211538461538461 0.21634615384615385
1 0.6995192307692307 0.30288461538461536 0.07211538461538461 0.21153846153846154
1 0.27283653846153844 0.34134615384615385 0.07211538461538461 0.21153846153846154
1 0.33413461538461536 0.3389423076923077 0.0673076923076923 0.21153846153846154
0 0.21394230769230768 0.34975961538461536 0.06490384615384616 0.20432692307692307
0 0.4567307692307692 0.34375 0.06971153846153846 0.24278846153846154
0 0.5817307692307693 0.3401442307692308 0.07211538461538461 0.21394230769230768
0 0.3942307692307692 0.35697115384615385 0.06490384615384616 0.22115384615384615