0 0.4483173076923077 0.6550480769230769 0.08173076923076923 0.21153846153846154
0 0.5108173076923077 0.6658653846153846 0.07692307692307693 0.1971153846153846
1 0.5673076923076923 0.6850961538461539 0.07932692307692307 0.1971153846153846
0 0.7536057692307693 0.7115384615384616 0.08413461538461539 0.21153846153846154
1 0.3269230769230769 0.6514423076923077 0.07932692307692307 0.19230769230769232
1 0.26802884615384615 0.6430288461538461 0.07932692307692307 0.1875
1 0.6887019230769231 0.703125 0.0889423076923077 0.19951923076923078
1 0.38461538461538464 0.6610576923076923 0.07932692307692307 0.19951923076923078
1 0.20793269230769232 0.6370192307692307 0.07451923076923077 0.1875
1 0.6274038461538461 0.6971153846153846 0.08173076923076923 0.19951923076923078
1 0.8016826923076923 0.359375 0.08413461538461539 0.21153846153846154
1 0.6766826923076923 0.34134615384615385 0.08173076923076923 0.20673076923076922
1 0.5588942307692307 0.32572115384615385 0.08413461538461539 0.21875
1 0.7391826923076923 0.35336538461538464 0.08413461538461539 0.21153846153846154
1 0.3137019230769231 0.29447115384615385 0.08173076923076923 0.21394230769230768
1 0.375 0.30528846153846156 0.07932692307692307 0.21394230769230768
0 0.2548076923076923 0.28966346153846156 0.07451923076923077 0.20432692307692307
0 0.49399038461538464 0.33774038461538464 0.08173076923076923 0.24278846153846154
0 0.6153846153846154 0.36177884615384615 0.08173076923076923 0.21394230769230768
0 0.42908653846153844 0.33774038461538464 0.07692307692307693 0.22115384615384615