0 0.5072115384615384 0.6634615384615384 0.08173076923076923 0.21153846153846154
0 0.44350961538461536 0.65625 0.07692307692307693 0.1971153846153846
1 0.38461538461538464 0.6598557692307693 0.07932692307692307 0.1971153846153846
0 0.19831730769230768 0.6334134615384616 0.08413461538461539 0.21153846153846154
1 0.625 0.6935096153846154 0.07932692307692307 0.19230769230769232
1 0.6838942307692307 0.7019230769230769 0.07932692307692307 0.1875
1 0.2620192307692308 0.6442307692307693 0.0889423076923077 0.19951923076923078
1 0.5661057692307693 0.6862980769230769 0.07932692307692307 0.19951923076923078
1 0.7427884615384616 0.7127403846153846 0.07451923076923077 0.1875
1 0.3233173076923077 0.6550480769230769 0.08173076923076923 0.19951923076923078
1 0.24879807692307693 0.28125 0.08413461538461539 0.21153846153846154
1 0.3737980769230769 0.29927884615384615 0.08173076923076923 0.20673076923076922
1 0.49158653846153844 0.3173076923076923 0.08413461538461539 0.21875
1 0.31009615384615385 0.2920673076923077 0.08413461538461539 0.21153846153846154
1 0.7355769230769231 0.35336538461538464 0.08173076923076923 0.21394230769230768
1 0.6742788461538461 0.3473557692307692 0.07932692307692307 0.21394230769230768
0 0.7932692307692307 0.36538461538461536 0.07451923076923077 0.20432692307692307
0 0.5504807692307693 0.34615384615384615 0.08173076923076923 0.24278846153846154
0 0.4266826923076923 0.33533653846153844 0.08173076923076923 0.21394230769230768
0 0.6129807692307693 0.3629807692307692 0.07692307692307693 0.22115384615384615