0 0.5300480769230769 0.6610576923076923 0.052884615384615384 0.20552884615384615
0 0.46634615384615385 0.6622596153846154 0.05048076923076923 0.19230769230769232
1 0.4074519230769231 0.6742788461538461 0.052884615384615384 0.19110576923076922
0 0.21995192307692307 0.6742788461538461 0.055288461538461536 0.20673076923076922
1 0.6502403846153846 0.6742788461538461 0.052884615384615384 0.1875
1 0.7103365384615384 0.6742788461538461 0.055288461538461536 0.18269230769230768
1 0.2848557692307692 0.6754807692307693 0.0625 0.1935096153846154
1 0.5913461538461539 0.6754807692307693 0.052884615384615384 0.1935096153846154
1 0.7704326923076923 0.6766826923076923 0.04927884615384615 0.18269230769230768
1 0.34615384615384615 0.6778846153846154 0.054086538461538464 0.19471153846153846
1 0.22115384615384615 0.31850961538461536 0.056490384615384616 0.20673076923076922
1 0.3473557692307692 0.31850961538461536 0.054086538461538464 0.20192307692307693
1 0.46634615384615385 0.31971153846153844 0.054086538461538464 0.2127403846153846
1 0.28365384615384615 0.32091346153846156 0.055288461538461536 0.20673076923076922
1 0.7127403846153846 0.32211538461538464 0.054086538461538464 0.20793269230769232
1 0.6514423076923077 0.3245192307692308 0.05048076923076923 0.20793269230769232
0 0.7716346153846154 0.32572115384615385 0.046875 0.20072115384615385
0 0.5288461538461539 0.3401442307692308 0.04927884615384615 0.23918269230769232
0 0.4050480769230769 0.3473557692307692 0.054086538461538464 0.2091346153846154
0 0.5925480769230769 0.3485576923076923 0.046875 0.21754807692307693