0 0.5298125 0.6612222222222223 0.053062500000000054 0.20544444444444435
0 0.4657916666666667 0.661962962962963 0.05002083333333331 0.19211111111111112
1 0.40760416666666666 0.674074074074074 0.05310416666666669 0.19159259259259265
0 0.21985416666666666 0.6743333333333333 0.055374999999999966 0.20692592592592593
1 0.6507708333333333 0.6743333333333333 0.05331250000000007 0.18714814814814804
1 0.7099166666666666 0.6745555555555556 0.054958333333333324 0.18270370370370365
1 0.28429166666666666 0.6750740740740742 0.062020833333333324 0.19359259259259254
1 0.5909166666666666 0.6750740740740742 0.053041666666666744 0.19359259259259254
1 0.7707499999999999 0.6767777777777777 0.0488124999999999 0.18222222222222217
1 0.3458125 0.6782592592592592 0.054520833333333366 0.19507407407407412
1 0.22166666666666668 0.31877777777777777 0.05620833333333331 0.20692592592592593
1 0.3470625 0.319 0.05422916666666673 0.2024814814814815
1 0.46620833333333334 0.3195185185185185 0.05364583333333333 0.21333333333333332
1 0.2834583333333333 0.321 0.05481250000000001 0.20640740740740737
1 0.7124166666666666 0.321962962962963 0.05439583333333336 0.20840740740740746
1 0.6508958333333333 0.3241851851851852 0.05081249999999997 0.20788888888888887
0 0.7714375 0.3256666666666667 0.04743749999999996 0.20100000000000004
0 0.5293958333333334 0.33999999999999997 0.049458333333333354 0.23951851851851846
0 0.40510416666666665 0.34714814814814815 0.05366666666666665 0.20937037037037037
0 0.5931458333333333 0.3488888888888889 0.04637499999999998 0.2177777777777777