0 0.5096153846153846 0.6634615384615384 0.07692307692307693 0.21153846153846154
0 0.44711538461538464 0.6574519230769231 0.07451923076923077 0.1971153846153846
1 0.3870192307692308 0.6622596153846154 0.07692307692307693 0.1971153846153846
0 0.20072115384615385 0.6394230769230769 0.07932692307692307 0.21153846153846154
1 0.6274038461538461 0.6911057692307693 0.07451923076923077 0.19230769230769232
1 0.6875 0.6983173076923077 0.07692307692307693 0.1875
1 0.265625 0.6478365384615384 0.08653846153846154 0.19951923076923078
1 0.5697115384615384 0.6850961538461539 0.07692307692307693 0.19951923076923078
1 0.7463942307692307 0.7079326923076923 0.07211538461538461 0.1875
1 0.32572115384615385 0.6574519230769231 0.07692307692307693 0.19951923076923078
1 0.24519230769230768 0.2860576923076923 0.08173076923076923 0.21153846153846154
1 0.3701923076923077 0.3016826923076923 0.07932692307692307 0.20673076923076922
1 0.4879807692307692 0.3173076923076923 0.07932692307692307 0.21875
1 0.3076923076923077 0.2956730769230769 0.07932692307692307 0.21153846153846154
1 0.7331730769230769 0.34975961538461536 0.07932692307692307 0.21394230769230768
1 0.671875 0.34375 0.07451923076923077 0.21153846153846154
0 0.7908653846153846 0.3605769230769231 0.07211538461538461 0.20432692307692307
0 0.5480769230769231 0.3449519230769231 0.07692307692307693 0.24278846153846154
0 0.42427884615384615 0.33653846153846156 0.07932692307692307 0.21394230769230768
0 0.6105769230769231 0.3605769230769231 0.07211538461538461 0.22115384615384615