0 0.4807692307692308 0.6622596153846154 0.0673076923076923 0.2091346153846154
0 0.5444711538461539 0.6598557692307693 0.06490384615384616 0.19471153846153846
1 0.6045673076923077 0.6670673076923077 0.06490384615384616 0.19471153846153846
0 0.7920673076923077 0.6538461538461539 0.06971153846153846 0.2091346153846154
1 0.36177884615384615 0.6838942307692307 0.06490384615384616 0.18990384615384615
1 0.30288461538461536 0.6887019230769231 0.0673076923076923 0.18509615384615385
1 0.7271634615384616 0.6598557692307693 0.07692307692307693 0.1971153846153846
1 0.4206730769230769 0.6814903846153846 0.0673076923076923 0.1971153846153846
1 0.24278846153846154 0.6947115384615384 0.0625 0.18509615384615385
1 0.6658653846153846 0.6670673076923077 0.0673076923076923 0.1971153846153846
1 0.765625 0.29927884615384615 0.06971153846153846 0.2091346153846154
1 0.6394230769230769 0.3088942307692308 0.0673076923076923 0.20432692307692307
1 0.5204326923076923 0.3173076923076923 0.06971153846153846 0.21634615384615385
1 0.703125 0.30649038461538464 0.06971153846153846 0.2091346153846154
1 0.27524038461538464 0.33774038461538464 0.0673076923076923 0.21153846153846154
1 0.33653846153846156 0.33533653846153844 0.06490384615384616 0.21153846153846154
0 0.21634615384615385 0.3449519230769231 0.06009615384615385 0.20432692307692307
0 0.46033653846153844 0.3425480769230769 0.06490384615384616 0.24278846153846154
0 0.5841346153846154 0.34134615384615385 0.06971153846153846 0.21153846153846154
0 0.39663461538461536 0.3557692307692308 0.0625 0.22115384615384615