0 0.4987980769230769 0.6634615384615384 0.09134615384615384 0.21153846153846154
0 0.4362980769230769 0.6526442307692307 0.08653846153846154 0.19951923076923078
1 0.3762019230769231 0.6538461538461539 0.0889423076923077 0.1971153846153846
0 0.19230769230769232 0.6177884615384616 0.09375 0.21394230769230768
1 0.6141826923076923 0.6995192307692307 0.08653846153846154 0.19471153846153846
1 0.6730769230769231 0.7115384615384616 0.0889423076923077 0.18990384615384615
1 0.2548076923076923 0.6310096153846154 0.0985576923076923 0.20192307692307693
1 0.5564903846153846 0.6899038461538461 0.0889423076923077 0.19951923076923078
1 0.7319711538461539 0.7247596153846154 0.08413461538461539 0.18990384615384615
1 0.31490384615384615 0.6454326923076923 0.09134615384615384 0.20192307692307693
1 0.2608173076923077 0.2692307692307692 0.09375 0.21394230769230768
1 0.38461538461538464 0.2932692307692308 0.09134615384615384 0.2091346153846154
1 0.5012019230769231 0.3161057692307692 0.09375 0.21875
1 0.32211538461538464 0.2824519230769231 0.09375 0.21394230769230768
1 0.7427884615384616 0.36538461538461536 0.09375 0.21394230769230768
1 0.6826923076923077 0.35697115384615385 0.0889423076923077 0.21394230769230768
0 0.8004807692307693 0.38100961538461536 0.08413461538461539 0.20673076923076922
0 0.5588942307692307 0.3485576923076923 0.09375 0.24519230769230768
0 0.4362980769230769 0.3317307692307692 0.09375 0.21634615384615385
0 0.6201923076923077 0.36899038461538464 0.08653846153846154 0.22355769230769232