0 0.5192307692307693 0.6622596153846154 0.0673076923076923 0.2091346153846154
0 0.45552884615384615 0.6598557692307693 0.06490384615384616 0.19471153846153846
1 0.3954326923076923 0.6670673076923077 0.06490384615384616 0.19471153846153846
0 0.20793269230769232 0.6538461538461539 0.06971153846153846 0.2091346153846154
1 0.6382211538461539 0.6838942307692307 0.06490384615384616 0.18990384615384615
1 0.6971153846153846 0.6887019230769231 0.0673076923076923 0.18509615384615385
1 0.27283653846153844 0.6598557692307693 0.07692307692307693 0.1971153846153846
1 0.5793269230769231 0.6814903846153846 0.0673076923076923 0.1971153846153846
1 0.7572115384615384 0.6947115384615384 0.0625 0.18509615384615385
1 0.33413461538461536 0.6670673076923077 0.0673076923076923 0.1971153846153846
1 0.234375 0.29927884615384615 0.06971153846153846 0.2091346153846154
1 0.3605769230769231 0.3088942307692308 0.0673076923076923 0.20432692307692307
1 0.4795673076923077 0.3173076923076923 0.06971153846153846 0.21634615384615385
1 0.296875 0.30649038461538464 0.06971153846153846 0.2091346153846154
1 0.7247596153846154 0.33774038461538464 0.0673076923076923 0.21153846153846154
1 0.6634615384615384 0.33533653846153844 0.06490384615384616 0.21153846153846154
0 0.7836538461538461 0.3449519230769231 0.06009615384615385 0.20432692307692307
0 0.5396634615384616 0.3425480769230769 0.06490384615384616 0.24278846153846154
0 0.41586538461538464 0.34134615384615385 0.06971153846153846 0.21153846153846154
0 0.6033653846153846 0.3557692307692308 0.0625 0.22115384615384615