1 0.8978365384615384 0.3112980769230769 0.18509615384615385 0.3389423076923077
1 0.2127403846153846 0.44591346153846156 0.19951923076923078 0.34375
1 0.625 0.36658653846153844 0.18990384615384615 0.3293269230769231
0 0.7692307692307693 0.3389423076923077 0.17548076923076922 0.31490384615384615
0 0.49278846153846156 0.3942307692307692 0.16105769230769232 0.29086538461538464
0 0.36177884615384615 0.4254807692307692 0.15625 0.31490384615384615
0 0.08173076923076923 0.4831730769230769 0.16346153846153846 0.2980769230769231
1 0.5516826923076923 0.7151442307692307 0.18028846153846154 0.3269230769230769
1 0.13942307692307693 0.796875 0.19951923076923078 0.33653846153846156
1 0.6887019230769231 0.6899038461538461 0.18990384615384615 0.3317307692307692
0 0.4266826923076923 0.7487980769230769 0.18509615384615385 0.34375
0 0.9447115384615384 0.6430288461538461 0.10576923076923077 0.35336538461538464
0 0.8413461538461539 0.6814903846153846 0.18990384615384615 0.33413461538461536
0 0.2824519230769231 0.7908653846153846 0.19471153846153846 0.3245192307692308