1 0.9206730769230769 0.4831730769230769 0.15384615384615385 0.34134615384615385
1 0.25721153846153844 0.33774038461538464 0.20432692307692307 0.34615384615384615
1 0.6670673076923077 0.4266826923076923 0.19471153846153846 0.3317307692307692
0 0.8112980769230769 0.4567307692307692 0.18028846153846154 0.31490384615384615
0 0.5348557692307693 0.39903846153846156 0.1658653846153846 0.29086538461538464
0 0.4014423076923077 0.37740384615384615 0.16105769230769232 0.31490384615384615
0 0.11538461538461539 0.3173076923076923 0.17548076923076922 0.2956730769230769
1 0.4639423076923077 0.71875 0.18509615384615385 0.3269230769230769
1 0.078125 0.6322115384615384 0.15625 0.34134615384615385
1 0.5997596153846154 0.7487980769230769 0.19471153846153846 0.33413461538461536
0 0.33533653846153844 0.7007211538461539 0.18990384615384615 0.34615384615384615
0 0.8846153846153846 0.8185096153846154 0.1778846153846154 0.35096153846153844
0 0.7439903846153846 0.8004807692307693 0.19471153846153846 0.33413461538461536
0 0.18629807692307693 0.6826923076923077 0.19951923076923078 0.3245192307692308