1 0.9242788461538461 0.38341346153846156 0.13221153846153846 0.32211538461538464
1 0.22596153846153846 0.39663461538461536 0.1466346153846154 0.3245192307692308
1 0.6454326923076923 0.390625 0.13701923076923078 0.3125
0 0.7932692307692307 0.38822115384615385 0.125 0.2980769230769231
0 0.5108173076923077 0.3942307692307692 0.11538461538461539 0.2764423076923077
0 0.37740384615384615 0.4026442307692308 0.10576923076923077 0.30288461538461536
0 0.08413461538461539 0.40865384615384615 0.12740384615384615 0.2764423076923077
1 0.5132211538461539 0.7211538461538461 0.12980769230769232 0.31009615384615385
1 0.09254807692307693 0.7295673076923077 0.14903846153846154 0.3173076923076923
1 0.6526442307692307 0.7199519230769231 0.13942307692307693 0.31490384615384615
0 0.38461538461538464 0.7331730769230769 0.12980769230769232 0.3293269230769231
0 0.9423076923076923 0.7247596153846154 0.11057692307692307 0.3389423076923077
0 0.8040865384615384 0.7379807692307693 0.13701923076923078 0.31490384615384615
0 0.23557692307692307 0.7487980769230769 0.14423076923076922 0.30528846153846156