1 0.10576923076923077 0.30408653846153844 0.18990384615384615 0.3389423076923077
1 0.7884615384615384 0.45072115384615385 0.20432692307692307 0.34375
1 0.37740384615384615 0.3641826923076923 0.19471153846153846 0.3317307692307692
0 0.23317307692307693 0.33413461538461536 0.18028846153846154 0.31490384615384615
0 0.5096153846153846 0.3942307692307692 0.1658653846153846 0.29086538461538464
0 0.6394230769230769 0.42788461538461536 0.16105769230769232 0.31490384615384615
0 0.9182692307692307 0.49038461538461536 0.15865384615384615 0.2980769230769231
1 0.44471153846153844 0.7139423076923077 0.18509615384615385 0.3269230769230769
1 0.8557692307692307 0.8028846153846154 0.20673076923076922 0.3389423076923077
1 0.3076923076923077 0.6862980769230769 0.19471153846153846 0.33413461538461536
0 0.5685096153846154 0.75 0.1875 0.34615384615384615
0 0.055288461538461536 0.6358173076923077 0.11057692307692307 0.35336538461538464
0 0.15504807692307693 0.6754807692307693 0.19230769230769232 0.33413461538461536
0 0.7127403846153846 0.7944711538461539 0.19951923076923078 0.3245192307692308