1 0.07572115384615384 0.46033653846153844 0.15144230769230768 0.3389423076923077
1 0.7512019230769231 0.35096153846153844 0.18990384615384615 0.34134615384615385
1 0.33774038461538464 0.4170673076923077 0.18028846153846154 0.3269230769230769
0 0.19110576923076922 0.4411057692307692 0.1658653846153846 0.3125
0 0.4699519230769231 0.39783653846153844 0.15144230769230768 0.28846153846153844
0 0.6045673076923077 0.38221153846153844 0.1466346153846154 0.3125
0 0.8942307692307693 0.33774038461538464 0.16346153846153846 0.29086538461538464
1 0.5252403846153846 0.7199519230769231 0.17067307692307693 0.3245192307692308
1 0.9206730769230769 0.65625 0.15384615384615385 0.33653846153846156
1 0.3870192307692308 0.7427884615384616 0.18028846153846154 0.3293269230769231
0 0.6538461538461539 0.7091346153846154 0.17307692307692307 0.34134615384615385
0 0.09975961538461539 0.7980769230769231 0.16105769230769232 0.3485576923076923
0 0.24158653846153846 0.7872596153846154 0.1778846153846154 0.3293269230769231
0 0.8040865384615384 0.6983173076923077 0.18509615384615385 0.32211538461538464