1 0.9014423076923077 0.31850961538461536 0.18028846153846154 0.3389423076923077
1 0.21394230769230768 0.4411057692307692 0.19471153846153846 0.34375
1 0.6274038461538461 0.36899038461538464 0.18509615384615385 0.3293269230769231
0 0.7728365384615384 0.34375 0.17067307692307693 0.3125
0 0.4951923076923077 0.39302884615384615 0.15625 0.28846153846153844
0 0.3629807692307692 0.4230769230769231 0.15144230769230768 0.3125
0 0.07932692307692307 0.4735576923076923 0.15865384615384615 0.2932692307692308
1 0.5480769230769231 0.7163461538461539 0.17548076923076922 0.3245192307692308
1 0.13341346153846154 0.7908653846153846 0.19471153846153846 0.33653846153846156
1 0.6850961538461539 0.6935096153846154 0.18509615384615385 0.3317307692307692
0 0.4230769230769231 0.7475961538461539 0.1778846153846154 0.34375
0 0.9459134615384616 0.6502403846153846 0.10817307692307693 0.3485576923076923
0 0.8377403846153846 0.6875 0.18509615384615385 0.3317307692307692
0 0.2776442307692308 0.7872596153846154 0.18990384615384615 0.32211538461538464