1 0.07692307692307693 0.4735576923076923 0.15384615384615385 0.34134615384615385
1 0.7463942307692307 0.3425480769230769 0.19951923076923078 0.34375
1 0.33413461538461536 0.4230769230769231 0.18990384615384615 0.3293269230769231
0 0.18990384615384615 0.4519230769230769 0.17548076923076922 0.31490384615384615
0 0.46634615384615385 0.39903846153846156 0.16105769230769232 0.29086538461538464
0 0.5997596153846154 0.3786057692307692 0.15625 0.31490384615384615
0 0.8882211538461539 0.3245192307692308 0.17307692307692307 0.2956730769230769
1 0.5324519230769231 0.71875 0.18028846153846154 0.3269230769230769
1 0.921875 0.640625 0.15144230769230768 0.3389423076923077
1 0.39663461538461536 0.7463942307692307 0.18990384615384615 0.3317307692307692
0 0.6610576923076923 0.7043269230769231 0.18509615384615385 0.34375
0 0.11057692307692307 0.8125 0.17307692307692307 0.35096153846153844
0 0.2512019230769231 0.7956730769230769 0.18990384615384615 0.33413461538461536
0 0.8112980769230769 0.6887019230769231 0.19471153846153846 0.3245192307692308