1 0.07091346153846154 0.41466346153846156 0.14182692307692307 0.3293269230769231
1 0.765625 0.37740384615384615 0.15625 0.3293269230769231
1 0.3473557692307692 0.4014423076923077 0.14903846153846154 0.3173076923076923
0 0.19951923076923078 0.40865384615384615 0.13701923076923078 0.30288461538461536
0 0.4807692307692308 0.3954326923076923 0.125 0.27884615384615385
0 0.6165865384615384 0.3942307692307692 0.11538461538461539 0.30528846153846156
0 0.9086538461538461 0.3798076923076923 0.1346153846153846 0.28125
1 0.5024038461538461 0.7211538461538461 0.14182692307692307 0.31490384615384615
1 0.9194711538461539 0.7007211538461539 0.15625 0.3245192307692308
1 0.3629807692307692 0.7295673076923077 0.14903846153846154 0.31971153846153844
0 0.6310096153846154 0.7247596153846154 0.14182692307692307 0.33413461538461536
0 0.07091346153846154 0.7548076923076923 0.12980769230769232 0.34134615384615385
0 0.2127403846153846 0.7584134615384616 0.14903846153846154 0.31971153846153844
0 0.78125 0.7295673076923077 0.15625 0.31009615384615385