1 0.11298076923076923 0.29086538461538464 0.19951923076923078 0.34134615384615385
1 0.7896634615384616 0.46033653846153844 0.21394230769230768 0.3485576923076923
1 0.38221153846153844 0.3605769230769231 0.20432692307692307 0.33413461538461536
0 0.23918269230769232 0.3245192307692308 0.18990384615384615 0.3173076923076923
0 0.5132211538461539 0.3942307692307692 0.17307692307692307 0.2932692307692308
0 0.6418269230769231 0.4326923076923077 0.17067307692307693 0.31490384615384615
0 0.9158653846153846 0.5060096153846154 0.16346153846153846 0.3004807692307692
1 0.4375 0.7127403846153846 0.19471153846153846 0.3293269230769231
1 0.8449519230769231 0.8149038461538461 0.21634615384615385 0.34134615384615385
1 0.3016826923076923 0.6802884615384616 0.20432692307692307 0.33413461538461536
0 0.5600961538461539 0.7524038461538461 0.19951923076923078 0.34615384615384615
0 0.055288461538461536 0.6177884615384616 0.11057692307692307 0.3557692307692308
0 0.1502403846153846 0.6634615384615384 0.20432692307692307 0.33653846153846156
0 0.7019230769230769 0.8016826923076923 0.2091346153846154 0.3269230769230769