1 0.927157738095238 0.3912171052631579 0.12657738095238086 0.32095394736842103
1 0.22828869047619046 0.39215460526315793 0.1404166666666667 0.32284539473684204
1 0.6480803571428572 0.3928618421052632 0.13389880952380956 0.3101480263157894
0 0.7951636904761905 0.3935690789473685 0.12194940476190483 0.29746710526315795
0 0.5133184523809524 0.3937993421052632 0.11098214285714292 0.2744407894736842
0 0.37877976190476187 0.3996710526315789 0.10125000000000003 0.30027960526315783
0 0.08482142857142858 0.4020230263157895 0.12132440476190476 0.2767927631578947
1 0.509702380952381 0.7208717105263158 0.12501488095238095 0.3082730263157894
1 0.08928571428571429 0.7225164473684211 0.14300595238095237 0.3162664473684211
1 0.6491369047619048 0.7227467105263157 0.13177083333333325 0.31202302631578943
0 0.38132440476190477 0.7302631578947368 0.1233630952380952 0.32707236842105275
0 0.9434523809523809 0.7310855263157895 0.1130952380952381 0.3338815789473684
0 0.8002678571428571 0.742483552631579 0.13214285714285706 0.31391447368421055
0 0.23020833333333332 0.7441282894736844 0.13998511904761904 0.303108552631579