1 0.9302884615384616 0.4050480769230769 0.13701923076923078 0.3245192307692308
1 0.23197115384615385 0.38221153846153844 0.15144230769230768 0.3269230769230769
1 0.6514423076923077 0.39783653846153844 0.14423076923076922 0.31490384615384615
0 0.7992788461538461 0.40384615384615385 0.13221153846153846 0.3004807692307692
0 0.5168269230769231 0.3942307692307692 0.1201923076923077 0.27884615384615385
0 0.38221153846153844 0.39663461538461536 0.11057692307692307 0.30288461538461536
0 0.0889423076923077 0.3870192307692308 0.12980769230769232 0.28125
1 0.5024038461538461 0.7211538461538461 0.1346153846153846 0.3125
1 0.08173076923076923 0.7079326923076923 0.15384615384615385 0.31971153846153844
1 0.640625 0.7271634615384616 0.14423076923076922 0.3173076923076923
0 0.37259615384615385 0.7259615384615384 0.1346153846153846 0.3317307692307692
0 0.9350961538461539 0.7463942307692307 0.125 0.3389423076923077
0 0.7920673076923077 0.7536057692307693 0.14423076923076922 0.3173076923076923
0 0.22235576923076922 0.734375 0.14903846153846154 0.3076923076923077