1 0.08173076923076923 0.3605769230769231 0.14903846153846154 0.3293269230769231
1 0.7788461538461539 0.4110576923076923 0.16346153846153846 0.3317307692307692
1 0.3605769230769231 0.38341346153846156 0.15384615384615385 0.31971153846153844
0 0.2127403846153846 0.37259615384615385 0.14182692307692307 0.30528846153846156
0 0.49399038461538464 0.39302884615384615 0.12980769230769232 0.28125
0 0.6286057692307693 0.40865384615384615 0.12259615384615384 0.3076923076923077
0 0.9206730769230769 0.43028846153846156 0.13942307692307693 0.28365384615384615
1 0.47475961538461536 0.7199519230769231 0.1466346153846154 0.31490384615384615
1 0.8942307692307693 0.75 0.1658653846153846 0.3245192307692308
1 0.33533653846153844 0.7115384615384616 0.15384615384615385 0.32211538461538464
0 0.6021634615384616 0.7379807692307693 0.1466346153846154 0.33413461538461536
0 0.055288461538461536 0.7007211538461539 0.11057692307692307 0.34375
0 0.18389423076923078 0.7211538461538461 0.15384615384615385 0.32211538461538464
0 0.7512019230769231 0.7620192307692307 0.16105769230769232 0.3125