1 0.07932692307692307 0.36899038461538464 0.14182692307692307 0.3269230769230769
1 0.7764423076923077 0.40625 0.15625 0.3293269230769231
1 0.3581730769230769 0.3858173076923077 0.14903846153846154 0.3173076923076923
0 0.21033653846153846 0.37740384615384615 0.13701923076923078 0.30288461538461536
0 0.49278846153846156 0.3942307692307692 0.125 0.27884615384615385
0 0.6262019230769231 0.40625 0.11538461538461539 0.30528846153846156
0 0.9194711538461539 0.4230769230769231 0.1346153846153846 0.28125
1 0.47836538461538464 0.7199519230769231 0.14182692307692307 0.31490384615384615
1 0.8990384615384616 0.7439903846153846 0.15865384615384615 0.32211538461538464
1 0.3389423076923077 0.7139423076923077 0.14903846153846154 0.31971153846153844
0 0.6069711538461539 0.7367788461538461 0.14182692307692307 0.33413461538461536
0 0.054086538461538464 0.7055288461538461 0.10817307692307693 0.3389423076923077
0 0.1875 0.7271634615384616 0.14903846153846154 0.31971153846153844
0 0.7560096153846154 0.7572115384615384 0.15625 0.31009615384615385