1 0.07692307692307693 0.46634615384615385 0.15384615384615385 0.34134615384615385
1 0.7487980769230769 0.34615384615384615 0.19471153846153846 0.34375
1 0.33533653846153844 0.4206730769230769 0.18509615384615385 0.3293269230769231
0 0.18990384615384615 0.44591346153846156 0.17067307692307693 0.3125
0 0.46875 0.39783653846153844 0.15625 0.28846153846153844
0 0.6021634615384616 0.38100961538461536 0.15144230769230768 0.3125
0 0.8918269230769231 0.33052884615384615 0.16826923076923078 0.2932692307692308
1 0.5288461538461539 0.7199519230769231 0.17548076923076922 0.3245192307692308
1 0.921875 0.6478365384615384 0.15144230769230768 0.3389423076923077
1 0.3918269230769231 0.7451923076923077 0.18509615384615385 0.3317307692307692
0 0.6574519230769231 0.7067307692307693 0.1778846153846154 0.34375
0 0.1045673076923077 0.8052884615384616 0.16826923076923078 0.3485576923076923
0 0.24639423076923078 0.7908653846153846 0.18509615384615385 0.3317307692307692
0 0.8076923076923077 0.6935096153846154 0.18990384615384615 0.32211538461538464