1 0.9266826923076923 0.390625 0.12620192307692307 0.32091346153846156
1 0.2283653846153846 0.3918269230769231 0.140625 0.3233173076923077
1 0.6478365384615384 0.39302884615384615 0.13341346153846154 0.31009615384615385
0 0.7956730769230769 0.39302884615384615 0.12139423076923077 0.296875
0 0.5132211538461539 0.3942307692307692 0.11057692307692307 0.27403846153846156
0 0.3786057692307692 0.40024038461538464 0.10096153846153846 0.3004807692307692
0 0.08533653846153846 0.4014423076923077 0.12139423076923077 0.2764423076923077
1 0.5096153846153846 0.7211538461538461 0.125 0.3076923076923077
1 0.0889423076923077 0.7223557692307693 0.14302884615384615 0.3161057692307692
1 0.6490384615384616 0.7223557692307693 0.13221153846153846 0.3125
0 0.38100961538461536 0.7307692307692307 0.12379807692307693 0.3269230769230769
0 0.9423076923076923 0.7319711538461539 0.11177884615384616 0.33533653846153844
0 0.8004807692307693 0.7427884615384616 0.13221153846153846 0.3137019230769231
0 0.23076923076923078 0.7439903846153846 0.13942307692307693 0.30288461538461536