1 0.9290865384615384 0.39783653846153844 0.13221153846153846 0.32211538461538464
1 0.23076923076923078 0.3870192307692308 0.1466346153846154 0.3269230769230769
1 0.6502403846153846 0.3954326923076923 0.13942307692307693 0.3125
0 0.7980769230769231 0.39783653846153844 0.12740384615384615 0.2980769230769231
0 0.515625 0.3942307692307692 0.11538461538461539 0.2764423076923077
0 0.3798076923076923 0.39783653846153844 0.10576923076923077 0.30288461538461536
0 0.08653846153846154 0.3942307692307692 0.125 0.27884615384615385
1 0.5060096153846154 0.7211538461538461 0.12980769230769232 0.31009615384615385
1 0.08533653846153846 0.7151442307692307 0.14903846153846154 0.31971153846153844
1 0.6454326923076923 0.7247596153846154 0.13701923076923078 0.31490384615384615
0 0.37740384615384615 0.7283653846153846 0.12980769230769232 0.3293269230769231
0 0.9387019230769231 0.7391826923076923 0.11778846153846154 0.33653846153846156
0 0.7956730769230769 0.7475961538461539 0.13701923076923078 0.31490384615384615
0 0.22596153846153846 0.7391826923076923 0.14423076923076922 0.30528846153846156