0 0.7908653846153846 0.17548076923076922 0.0889423076923077 0.18269230769230768
0 0.6634615384615384 0.19591346153846154 0.11298076923076923 0.24759615384615385
0 0.1814903846153846 0.2608173076923077 0.10817307692307693 0.2644230769230769
0 0.5408653846153846 0.22716346153846154 0.12740384615384615 0.3173076923076923
0 0.9026442307692307 0.19110576923076922 0.11298076923076923 0.23798076923076922
1 0.30288461538461536 0.27283653846153844 0.10576923076923077 0.23076923076923078
1 0.4230769230769231 0.2692307692307692 0.10336538461538461 0.2548076923076923
1 0.07091346153846154 0.7800480769230769 0.0673076923076923 0.10096153846153846
1 0.6165865384615384 0.7271634615384616 0.1778846153846154 0.1201923076923077
0 0.8269230769230769 0.71875 0.17067307692307693 0.15144230769230768
1 0.4807692307692308 0.9459134615384616 0.13221153846153846 0.09615384615384616