0 0.8521634615384616 0.24278846153846154 0.0889423076923077 0.18269230769230768
0 0.7235576923076923 0.23677884615384615 0.11298076923076923 0.24759615384615385
0 0.23798076923076922 0.19951923076923078 0.10817307692307693 0.2644230769230769
0 0.5973557692307693 0.24158653846153846 0.12740384615384615 0.3173076923076923
0 0.9507211538461539 0.2800480769230769 0.0985576923076923 0.23798076923076922
1 0.3545673076923077 0.23677884615384615 0.10576923076923077 0.23076923076923078
1 0.4723557692307692 0.25721153846153844 0.10336538461538461 0.2548076923076923
1 0.16947115384615385 0.6983173076923077 0.06490384615384616 0.11778846153846154
0 0.5673076923076923 0.7439903846153846 0.1778846153846154 0.1201923076923077
1 0.02403846153846154 0.6899038461538461 0.04807692307692308 0.10096153846153846
0 0.7752403846153846 0.78125 0.17067307692307693 0.15144230769230768