0 0.1346153846153846 0.2620192307692308 0.0985576923076923 0.18509615384615385
0 0.26322115384615385 0.24879807692307693 0.125 0.25
0 0.7463942307692307 0.18629807692307693 0.12259615384615384 0.2668269230769231
0 0.3894230769230769 0.24759615384615385 0.14423076923076922 0.31971153846153844
0 0.04807692307692308 0.30528846153846156 0.09615384615384616 0.24519230769230768
1 0.6310096153846154 0.22956730769230768 0.11778846153846154 0.23317307692307693
1 0.5144230769230769 0.25721153846153844 0.11538461538461539 0.25721153846153844
1 0.9735576923076923 0.6586538461538461 0.04807692307692308 0.10576923076923077
1 0.44591346153846156 0.75 0.18269230769230768 0.12740384615384615
0 0.2403846153846154 0.7956730769230769 0.17548076923076922 0.15865384615384615
1 0.6346153846153846 0.9254807692307693 0.13701923076923078 0.10096153846153846