0 0.8236469344608879 0.20740322580645162 0.07128964059196623 0.1760967741935484
0 0.6947040169133193 0.2146774193548387 0.08823467230443978 0.23901612903225805
0 0.20745243128964058 0.22798387096774192 0.08287526427061308 0.2575806451612903
0 0.569186046511628 0.2332258064516129 0.09619450317124736 0.3084032258064516
0 0.9330549682875264 0.23483870967741935 0.09045454545454538 0.23096774193548386
1 0.3286046511627907 0.25319354838709673 0.08276955602536994 0.22330645161290322
1 0.44750528541226214 0.2616612903225806 0.07746300211416488 0.24832258064516124
1 0.19225158562367864 0.731741935483871 0.05321353065539115 0.11185483870967745
0 0.5927167019027485 0.735741935483871 0.1685835095137421 0.10338709677419358
1 0.037547568710359414 0.7398064516129033 0.05799154334038055 0.09572580645161294
0 0.8029175475687103 0.7510967741935484 0.15780126849894288 0.13445161290322583