0 0.8425480769230769 0.23076923076923078 0.08413461538461539 0.18028846153846154
0 0.7139423076923077 0.22956730769230768 0.10336538461538461 0.24519230769230768
0 0.22716346153846154 0.2091346153846154 0.10096153846153846 0.2620192307692308
0 0.5877403846153846 0.23918269230769232 0.11778846153846154 0.31490384615384615
0 0.9483173076923077 0.2644230769230769 0.10336538461538461 0.23557692307692307
1 0.34615384615384615 0.24278846153846154 0.0985576923076923 0.2283653846153846
1 0.4639423076923077 0.25841346153846156 0.09375 0.25240384615384615
1 0.17668269230769232 0.7103365384615384 0.06009615384615385 0.11538461538461539
0 0.5757211538461539 0.7415865384615384 0.17548076923076922 0.11538461538461539
1 0.026442307692307692 0.7067307692307693 0.052884615384615384 0.10096153846153846
0 0.7848557692307693 0.7716346153846154 0.1658653846153846 0.14423076923076922