0 0.0733173076923077 0.2548076923076923 0.1466346153846154 0.375
0 0.5865384615384616 0.20192307692307693 0.15865384615384615 0.3004807692307692
1 0.25961538461538464 0.27163461538461536 0.17067307692307693 0.3269230769230769
1 0.9146634615384616 0.1875 0.13942307692307693 0.36778846153846156
1 0.7512019230769231 0.22355769230769232 0.19471153846153846 0.3798076923076923
1 0.43509615384615385 0.27283653846153844 0.1875 0.38461538461538464
0 0.32572115384615385 0.6610576923076923 0.19230769230769232 0.47115384615384615
0 0.9074519230769231 0.6189903846153846 0.18509615384615385 0.4110576923076923
0 0.7247596153846154 0.6526442307692307 0.18269230769230768 0.40384615384615385
1 0.5240384615384616 0.7019230769230769 0.2091346153846154 0.4230769230769231
1 0.14903846153846154 0.7572115384615384 0.2283653846153846 0.4254807692307692