0 0.9266826923076923 0.28966346153846156 0.14182692307692307 0.38221153846153844
0 0.4338942307692308 0.19591346153846154 0.1778846153846154 0.30528846153846156
1 0.7560096153846154 0.28846153846153844 0.19230769230769232 0.3317307692307692
1 0.109375 0.17307692307692307 0.1658653846153846 0.34615384615384615
1 0.2692307692307692 0.20673076923076922 0.21634615384615385 0.38461538461538464
1 0.5805288461538461 0.2776442307692308 0.21153846153846154 0.3894230769230769
0 0.6622596153846154 0.6730769230769231 0.22115384615384615 0.4735576923076923
0 0.09615384615384616 0.5913461538461539 0.19230769230769232 0.4182692307692308
0 0.265625 0.6370192307692307 0.2091346153846154 0.40865384615384615
1 0.46274038461538464 0.6995192307692307 0.23557692307692307 0.43028846153846156
1 0.8317307692307693 0.78125 0.2548076923076923 0.4326923076923077