0 0.90465625 0.1976883116883117 0.13280625000000015 0.3595930735930736
0 0.373075 0.21587012987012988 0.11964375000000003 0.2862943722943723
1 0.7067749999999999 0.2401125541125541 0.12870000000000004 0.3116883116883117
1 0.045625 0.24848484848484848 0.09125 0.35844155844155845
1 0.212475 0.26032034632034634 0.14427500000000001 0.36363636363636365
1 0.53221875 0.2652207792207792 0.13792500000000005 0.36767965367965366
0 0.69469375 0.636077922077922 0.12953749999999992 0.45714285714285713
0 0.11124375 0.6753246753246753 0.13347499999999998 0.3971168831168832
0 0.2993375 0.6822510822510822 0.13050000000000003 0.3878787878787879
1 0.5045125 0.703030303030303 0.15334374999999995 0.4063463203463203
1 0.88299375 0.7056277056277056 0.17280624999999986 0.40577489177489184