0 0.8473557692307693 0.16105769230769232 0.19471153846153846 0.32211538461538464
0 0.32572115384615385 0.24278846153846154 0.16826923076923078 0.30288461538461536
1 0.6586538461538461 0.20793269230769232 0.18028846153846154 0.3293269230769231
1 0.04326923076923077 0.3329326923076923 0.08653846153846154 0.37259615384615385
1 0.17548076923076922 0.31490384615384615 0.20432692307692307 0.38461538461538464
1 0.49158653846153844 0.26322115384615385 0.19951923076923078 0.3870192307692308
0 0.7151442307692307 0.5997596153846154 0.20673076923076922 0.47115384615384615
0 0.14783653846153846 0.7403846153846154 0.19951923076923078 0.41346153846153844
0 0.33413461538461536 0.7151442307692307 0.1971153846153846 0.40625
1 0.5396634615384616 0.6995192307692307 0.22115384615384615 0.42788461538461536
1 0.8954326923076923 0.6370192307692307 0.20432692307692307 0.4326923076923077