0 0.8521634615384616 0.16346153846153846 0.18990384615384615 0.3269230769230769
0 0.3293269230769231 0.23918269230769232 0.16346153846153846 0.3004807692307692
1 0.6634615384615384 0.21153846153846154 0.17548076923076922 0.3269230769230769
1 0.04326923076923077 0.3233173076923077 0.08653846153846154 0.37259615384615385
1 0.17908653846153846 0.3088942307692308 0.19951923076923078 0.38221153846153844
1 0.4951923076923077 0.26322115384615385 0.19471153846153846 0.38461538461538464
0 0.7139423076923077 0.6033653846153846 0.19951923076923078 0.47115384615384615
0 0.14423076923076922 0.734375 0.19471153846153846 0.41346153846153844
0 0.33052884615384615 0.7115384615384616 0.18990384615384615 0.40384615384615385
1 0.5360576923076923 0.6995192307692307 0.21634615384615385 0.4254807692307692
1 0.8954326923076923 0.6430288461538461 0.20432692307692307 0.43028846153846156