0 0.9050480769230769 0.1971153846153846 0.13221153846153846 0.359375
0 0.37259615384615385 0.21634615384615385 0.1201923076923077 0.2860576923076923
1 0.7067307692307693 0.2403846153846154 0.12860576923076922 0.3112980769230769
1 0.04567307692307692 0.24879807692307693 0.09134615384615384 0.359375
1 0.2127403846153846 0.2608173076923077 0.14423076923076922 0.3641826923076923
1 0.5324519230769231 0.265625 0.13822115384615385 0.36778846153846156
0 0.6947115384615384 0.6358173076923077 0.12980769230769232 0.4567307692307692
0 0.11177884615384616 0.6754807692307693 0.13341346153846154 0.39663461538461536
0 0.29927884615384615 0.6826923076923077 0.1310096153846154 0.38822115384615385
1 0.5048076923076923 0.703125 0.15384615384615385 0.40625
1 0.8834134615384616 0.7055288461538461 0.17307692307692307 0.40625