0 0.8701923076923077 0.17067307692307693 0.16826923076923078 0.34134615384615385
0 0.34375 0.23076923076923078 0.14903846153846154 0.2980769230769231
1 0.6778846153846154 0.21995192307692307 0.16105769230769232 0.32211538461538464
1 0.042067307692307696 0.2980769230769231 0.08413461538461539 0.36538461538461536
1 0.18990384615384615 0.2920673076923077 0.18269230769230768 0.37740384615384615
1 0.5072115384615384 0.26322115384615385 0.17548076923076922 0.3798076923076923
0 0.7079326923076923 0.6141826923076923 0.1778846153846154 0.46875
0 0.13221153846153846 0.7151442307692307 0.17307692307692307 0.40865384615384615
0 0.31971153846153844 0.703125 0.17067307692307693 0.39903846153846156
1 0.5264423076923077 0.7019230769230769 0.19471153846153846 0.4206730769230769
1 0.8978365384615384 0.6634615384615384 0.20432692307692307 0.4230769230769231