0 0.8137019230769231 0.14783653846153846 0.22355769230769232 0.2956730769230769
0 0.30408653846153844 0.25841346153846156 0.18990384615384615 0.3076923076923077
1 0.6322115384615384 0.19591346153846154 0.20432692307692307 0.33413461538461536
1 0.04447115384615385 0.3762019230769231 0.0889423076923077 0.37259615384615385
1 0.16105769230769232 0.34375 0.23317307692307693 0.3894230769230769
1 0.47115384615384615 0.265625 0.2283653846153846 0.3918269230769231
0 0.7235576923076923 0.5805288461538461 0.24278846153846154 0.47596153846153844
0 0.17067307692307693 0.7704326923076923 0.23076923076923078 0.4182692307692308
0 0.35336538461538464 0.7283653846153846 0.22596153846153846 0.40865384615384615
1 0.5576923076923077 0.6947115384615384 0.2548076923076923 0.4326923076923077
1 0.8918269230769231 0.5997596153846154 0.21153846153846154 0.43990384615384615