0 0.8329326923076923 0.15384615384615385 0.20432692307692307 0.3076923076923077
0 0.3161057692307692 0.24879807692307693 0.1778846153846154 0.30528846153846156
1 0.6478365384615384 0.203125 0.18990384615384615 0.3317307692307692
1 0.042067307692307696 0.3485576923076923 0.08413461538461539 0.3701923076923077
1 0.16947115384615385 0.32572115384615385 0.21634615384615385 0.3870192307692308
1 0.4831730769230769 0.2644230769230769 0.21153846153846154 0.3894230769230769
0 0.71875 0.5925480769230769 0.22115384615384615 0.4735576923076923
0 0.15625 0.7524038461538461 0.21394230769230768 0.41586538461538464
0 0.34134615384615385 0.7199519230769231 0.2091346153846154 0.40625
1 0.546875 0.6971153846153846 0.23557692307692307 0.43028846153846156
1 0.8954326923076923 0.6201923076923077 0.2091346153846154 0.4326923076923077