0 0.8605769230769231 0.16706730769230768 0.18269230769230768 0.33413461538461536
0 0.33413461538461536 0.23677884615384615 0.15865384615384615 0.3004807692307692
1 0.6682692307692307 0.21394230769230768 0.17067307692307693 0.3269230769230769
1 0.04326923076923077 0.31490384615384615 0.08653846153846154 0.3701923076923077
1 0.18269230769230768 0.30288461538461536 0.19471153846153846 0.3798076923076923
1 0.5 0.26322115384615385 0.1875 0.38461538461538464
0 0.7115384615384616 0.6069711538461539 0.19230769230769232 0.47115384615384615
0 0.13942307692307693 0.7283653846153846 0.1875 0.4110576923076923
0 0.3269230769230769 0.7091346153846154 0.18269230769230768 0.40384615384615385
1 0.5324519230769231 0.7007211538461539 0.2091346153846154 0.4230769230769231
1 0.8954326923076923 0.6514423076923077 0.20432692307692307 0.42788461538461536