0 0.9002403846153846 0.18990384615384615 0.13942307692307693 0.3605769230769231
0 0.36778846153846156 0.21875 0.125 0.28846153846153844
1 0.7019230769230769 0.23677884615384615 0.1346153846153846 0.3125
1 0.04567307692307692 0.25841346153846156 0.09134615384615384 0.3629807692307692
1 0.2091346153846154 0.265625 0.15144230769230768 0.36778846153846156
1 0.5288461538461539 0.265625 0.14423076923076922 0.3701923076923077
0 0.6971153846153846 0.6322115384615384 0.13701923076923078 0.45913461538461536
0 0.11538461538461539 0.6826923076923077 0.13942307692307693 0.39903846153846156
0 0.30288461538461536 0.6862980769230769 0.13701923076923078 0.3894230769230769
1 0.5084134615384616 0.703125 0.16105769230769232 0.40865384615384615
1 0.8870192307692307 0.6983173076923077 0.18028846153846154 0.40865384615384615