0 0.09495192307692307 0.1971153846153846 0.13221153846153846 0.3605769230769231
0 0.6274038461538461 0.21634615384615385 0.1201923076923077 0.28846153846153844
1 0.2932692307692308 0.2403846153846154 0.12980769230769232 0.3125
1 0.953125 0.24879807692307693 0.0889423076923077 0.3629807692307692
1 0.7872596153846154 0.2608173076923077 0.14423076923076922 0.3629807692307692
1 0.4675480769230769 0.265625 0.13701923076923078 0.36778846153846156
0 0.30528846153846156 0.6358173076923077 0.12980769230769232 0.4567307692307692
0 0.8882211538461539 0.6754807692307693 0.13221153846153846 0.39903846153846156
0 0.7007211538461539 0.6826923076923077 0.13221153846153846 0.3894230769230769
1 0.4951923076923077 0.703125 0.15384615384615385 0.40625
1 0.11658653846153846 0.7055288461538461 0.17307692307692307 0.40625