0 0.15504807692307693 0.16105769230769232 0.19471153846153846 0.32211538461538464
0 0.6742788461538461 0.24278846153846154 0.16826923076923078 0.30288461538461536
1 0.34134615384615385 0.20793269230769232 0.18028846153846154 0.3293269230769231
1 0.9555288461538461 0.3317307692307692 0.08413461538461539 0.375
1 0.8245192307692307 0.31490384615384615 0.20432692307692307 0.38461538461538464
1 0.5084134615384616 0.26322115384615385 0.19951923076923078 0.3870192307692308
0 0.2848557692307692 0.5997596153846154 0.20673076923076922 0.47115384615384615
0 0.8521634615384616 0.7403846153846154 0.19951923076923078 0.41346153846153844
0 0.6658653846153846 0.7151442307692307 0.1971153846153846 0.40625
1 0.46033653846153844 0.6995192307692307 0.22115384615384615 0.42788461538461536
1 0.1045673076923077 0.6370192307692307 0.2091346153846154 0.4326923076923077