0 0.07211538461538461 0.28966346153846156 0.14423076923076922 0.38221153846153844
0 0.5661057692307693 0.19591346153846154 0.1778846153846154 0.30528846153846156
1 0.2439903846153846 0.28846153846153844 0.18990384615384615 0.3317307692307692
1 0.890625 0.17427884615384615 0.1658653846153846 0.3485576923076923
1 0.7307692307692307 0.20673076923076922 0.21634615384615385 0.3870192307692308
1 0.41947115384615385 0.2776442307692308 0.21153846153846154 0.3894230769230769
0 0.33774038461538464 0.6730769230769231 0.22115384615384615 0.4735576923076923
0 0.9026442307692307 0.5913461538461539 0.18990384615384615 0.4182692307692308
0 0.734375 0.6370192307692307 0.2091346153846154 0.40625
1 0.5372596153846154 0.6995192307692307 0.23557692307692307 0.43028846153846156
1 0.16826923076923078 0.78125 0.2548076923076923 0.4326923076923077