0 0.5 0.203125 0.10096153846153846 0.2403846153846154
0 0.36658653846153844 0.20793269230769232 0.10336538461538461 0.24519230769230768
0 0.2283653846153846 0.20552884615384615 0.11538461538461539 0.24759615384615385
0 0.8942307692307693 0.2247596153846154 0.11778846153846154 0.24519230769230768
0 0.7680288461538461 0.22355769230769232 0.10576923076923077 0.2644230769230769
0 0.6370192307692307 0.22716346153846154 0.11538461538461539 0.24278846153846154
1 0.0889423076923077 0.23197115384615385 0.13942307692307693 0.23317307692307693
0 0.5649038461538461 0.4699519230769231 0.2403846153846154 0.1875
0 0.9399038461538461 0.6887019230769231 0.11298076923076923 0.3125
0 0.18028846153846154 0.6862980769230769 0.15625 0.2980769230769231
0 0.4987980769230769 0.6935096153846154 0.1346153846153846 0.30288461538461536
1 0.0625 0.6935096153846154 0.125 0.25240384615384615
0 0.8004807692307693 0.7115384615384616 0.13942307692307693 0.28125
0 0.33774038461538464 0.7091346153846154 0.1346153846153846 0.27163461538461536
1 0.6430288461538461 0.7151442307692307 0.12740384615384615 0.25721153846153844