0 0.5049384615384616 0.20265151515151514 0.09693846153846153 0.23863636363636365
0 0.6381846153846154 0.20975378787878787 0.09805384615384617 0.24337121212121213
0 0.7758538461538461 0.21070075757575757 0.11185384615384622 0.24526515151515152
0 0.11096153846153846 0.21709280303030304 0.11283846153846154 0.24384469696969696
0 0.23632307692307694 0.21922348484848486 0.10203076923076922 0.2623106060606061
0 0.3682307692307692 0.2246685606060606 0.11198461538461542 0.24005681818181818
1 0.9164076923076923 0.23887310606060605 0.1352692307692307 0.23058712121212122
0 0.43474615384615384 0.46875 0.23732307692307691 0.18371212121212122
0 0.05523846153846154 0.6818181818181818 0.11047692307692308 0.3068181818181818
0 0.8164230769230768 0.6919981060606061 0.15067692307692315 0.2940340909090909
0 0.4980153846153846 0.693655303030303 0.12924615384615384 0.3020833333333333
1 0.9378461538461539 0.6998106060606061 0.12430000000000012 0.2481060606060606
0 0.19613846153846154 0.7064393939393939 0.13319230769230772 0.2803030303030303
0 0.6585615384615384 0.7111742424242424 0.13111538461538466 0.2708333333333333
1 0.3530384615384615 0.7130681818181818 0.12390769230769234 0.2556818181818182