0 0.515625 0.203125 0.10576923076923077 0.24278846153846154
0 0.6478365384615384 0.21514423076923078 0.10576923076923077 0.24519230769230768
0 0.7860576923076923 0.21995192307692307 0.1201923076923077 0.25
0 0.1201923076923077 0.20432692307692307 0.12259615384615384 0.24759615384615385
0 0.24639423076923078 0.2091346153846154 0.11057692307692307 0.2644230769230769
0 0.37740384615384615 0.21995192307692307 0.1201923076923077 0.24519230769230768
1 0.9242788461538461 0.2536057692307692 0.14423076923076922 0.23557692307692307
0 0.4362980769230769 0.46634615384615385 0.24278846153846154 0.19230769230769232
0 0.055288461538461536 0.6658653846153846 0.11057692307692307 0.3125
0 0.8088942307692307 0.703125 0.16105769230769232 0.3004807692307692
0 0.49038461538461536 0.6935096153846154 0.13942307692307693 0.30528846153846156
1 0.9302884615384616 0.7151442307692307 0.13221153846153846 0.25240384615384615
0 0.18870192307692307 0.6959134615384616 0.14423076923076922 0.28365384615384615
0 0.6514423076923077 0.7163461538461539 0.13942307692307693 0.27403846153846156
1 0.34615384615384615 0.7079326923076923 0.13221153846153846 0.25961538461538464