0 0.5709134615384616 0.21153846153846154 0.14903846153846154 0.2548076923076923
0 0.6995192307692307 0.24879807692307693 0.15144230769230768 0.25961538461538464
0 0.8341346153846154 0.2800480769230769 0.16346153846153846 0.2644230769230769
0 0.18389423076923078 0.13701923076923078 0.1658653846153846 0.2620192307692308
0 0.30649038461538464 0.16706730769230768 0.15865384615384615 0.27884615384615385
0 0.4326923076923077 0.20192307692307693 0.16346153846153846 0.25961538461538464
1 0.9350961538461539 0.3389423076923077 0.12980769230769232 0.2548076923076923
0 0.44350961538461536 0.45552884615384615 0.27163461538461536 0.23317307692307693
0 0.057692307692307696 0.5757211538461539 0.11538461538461539 0.3245192307692308
0 0.7644230769230769 0.7584134615384616 0.21153846153846154 0.31971153846153844
0 0.4543269230769231 0.6875 0.19471153846153846 0.32211538461538464
1 0.8810096153846154 0.7932692307692307 0.17548076923076922 0.2692307692307692
0 0.15745192307692307 0.6334134615384616 0.19230769230769232 0.30288461538461536
0 0.6069711538461539 0.7415865384615384 0.1875 0.2932692307692308
1 0.3088942307692308 0.6742788461538461 0.1778846153846154 0.2764423076923077