0 0.46875 0.20432692307692307 0.125 0.24759615384615385
0 0.6021634615384616 0.19591346153846154 0.12740384615384615 0.25240384615384615
0 0.7391826923076923 0.17908653846153846 0.13942307692307693 0.25721153846153844
0 0.07932692307692307 0.2668269230769231 0.14182692307692307 0.2548076923076923
0 0.20432692307692307 0.25240384615384615 0.1346153846153846 0.27403846153846156
0 0.33533653846153844 0.24278846153846154 0.13942307692307693 0.25240384615384615
1 0.8810096153846154 0.18990384615384615 0.16346153846153846 0.24519230769230768
0 0.43149038461538464 0.47716346153846156 0.25721153846153844 0.21153846153846154
0 0.08052884615384616 0.734375 0.1466346153846154 0.3173076923076923
0 0.8377403846153846 0.6526442307692307 0.18509615384615385 0.31009615384615385
0 0.5216346153846154 0.6923076923076923 0.1658653846153846 0.31490384615384615
1 0.9399038461538461 0.6454326923076923 0.11538461538461539 0.2620192307692308
0 0.22355769230769232 0.7427884615384616 0.1658653846153846 0.2932692307692308
0 0.6826923076923077 0.6911057692307693 0.16346153846153846 0.28365384615384615
1 0.3798076923076923 0.7295673076923077 0.15384615384615385 0.2692307692307692