0 0.4951923076923077 0.203125 0.09735576923076923 0.23918269230769232
0 0.36177884615384615 0.21033653846153846 0.0985576923076923 0.24278846153846154
0 0.22355769230769232 0.21033653846153846 0.11177884615384616 0.24519230769230768
0 0.8894230769230769 0.21754807692307693 0.11298076923076923 0.2439903846153846
0 0.7632211538461539 0.21875 0.10216346153846154 0.2620192307692308
0 0.6322115384615384 0.2247596153846154 0.11177884615384616 0.2403846153846154
1 0.08413461538461539 0.23918269230769232 0.13581730769230768 0.23076923076923078
0 0.5649038461538461 0.46875 0.23677884615384615 0.18389423076923078
0 0.9435096153846154 0.6814903846153846 0.10817307692307693 0.31009615384615385
0 0.18389423076923078 0.6923076923076923 0.1502403846153846 0.29447115384615385
0 0.5024038461538461 0.6935096153846154 0.12980769230769232 0.3016826923076923
1 0.0625 0.6995192307692307 0.12379807692307693 0.24759615384615385
0 0.8040865384615384 0.7067307692307693 0.13341346153846154 0.2800480769230769
0 0.34134615384615385 0.7115384615384616 0.1310096153846154 0.2704326923076923
1 0.6466346153846154 0.7127403846153846 0.12379807692307693 0.25600961538461536