0 0.47836538461538464 0.20432692307692307 0.11778846153846154 0.24759615384615385
0 0.6129807692307693 0.19951923076923078 0.1201923076923077 0.25
0 0.75 0.1875 0.13221153846153846 0.2548076923076923
0 0.08774038461538461 0.25240384615384615 0.1346153846153846 0.25240384615384615
0 0.2127403846153846 0.24278846153846154 0.125 0.2692307692307692
0 0.34375 0.23677884615384615 0.13221153846153846 0.25
1 0.8918269230769231 0.20432692307692307 0.15625 0.24278846153846154
0 0.4326923076923077 0.47475961538461536 0.25240384615384615 0.20432692307692307
0 0.0733173076923077 0.7199519230769231 0.13701923076923078 0.31490384615384615
0 0.8317307692307693 0.6634615384615384 0.17548076923076922 0.30528846153846156
0 0.5144230769230769 0.6935096153846154 0.15625 0.3125
1 0.9387019230769231 0.6610576923076923 0.11778846153846154 0.25961538461538464
0 0.21514423076923078 0.7319711538461539 0.15625 0.29086538461538464
0 0.6766826923076923 0.6971153846153846 0.15384615384615385 0.28125
1 0.37259615384615385 0.7247596153846154 0.1466346153846154 0.2668269230769231