0 0.5264423076923077 0.20432692307692307 0.1201923076923077 0.24759615384615385
0 0.39302884615384615 0.1971153846153846 0.12259615384615384 0.25240384615384615
0 0.2548076923076923 0.18269230769230768 0.13701923076923078 0.2548076923076923
0 0.9170673076923077 0.25961538461538464 0.13942307692307693 0.2548076923076923
0 0.7908653846153846 0.24759615384615385 0.12980769230769232 0.27163461538461536
0 0.6598557692307693 0.2403846153846154 0.1346153846153846 0.25
1 0.1141826923076923 0.1971153846153846 0.15865384615384615 0.24278846153846154
0 0.5673076923076923 0.47596153846153844 0.2548076923076923 0.20673076923076922
0 0.921875 0.7271634615384616 0.13942307692307693 0.31971153846153844
0 0.1658653846153846 0.6586538461538461 0.18028846153846154 0.3076923076923077
0 0.48197115384615385 0.6923076923076923 0.16105769230769232 0.3125
1 0.06009615384615385 0.6538461538461539 0.1201923076923077 0.25961538461538464
0 0.78125 0.7379807692307693 0.16105769230769232 0.29086538461538464
0 0.31971153846153844 0.6935096153846154 0.15865384615384615 0.28125
1 0.6237980769230769 0.7271634615384616 0.15144230769230768 0.2692307692307692