0 0.4795673076923077 0.20432692307692307 0.11057692307692307 0.24278846153846154
0 0.3473557692307692 0.21754807692307693 0.11057692307692307 0.24759615384615385
0 0.2091346153846154 0.2247596153846154 0.125 0.25
0 0.8737980769230769 0.1971153846153846 0.125 0.25
0 0.7475961538461539 0.20552884615384615 0.11538461538461539 0.2668269230769231
0 0.6177884615384616 0.21875 0.125 0.24519230769230768
1 0.07211538461538461 0.2608173076923077 0.14423076923076922 0.23798076923076922
0 0.5637019230769231 0.4651442307692308 0.24519230769230768 0.1971153846153846
0 0.9447115384615384 0.65625 0.11057692307692307 0.3125
0 0.19471153846153846 0.7091346153846154 0.1658653846153846 0.30288461538461536
0 0.5120192307692307 0.6935096153846154 0.14423076923076922 0.3076923076923077
1 0.0733173076923077 0.7223557692307693 0.13701923076923078 0.2548076923076923
0 0.8149038461538461 0.6911057692307693 0.14903846153846154 0.2860576923076923
0 0.35216346153846156 0.7199519230769231 0.14423076923076922 0.2764423076923077
1 0.6574519230769231 0.7043269230769231 0.13701923076923078 0.2620192307692308