0 0.515625 0.203125 0.11298076923076923 0.24519230769230768
0 0.38221153846153844 0.20192307692307693 0.11538461538461539 0.25
0 0.2439903846153846 0.19230769230769232 0.12740384615384615 0.25240384615384615
0 0.9086538461538461 0.24519230769230768 0.12980769230769232 0.25
0 0.7824519230769231 0.23798076923076922 0.1201923076923077 0.2692307692307692
0 0.6514423076923077 0.234375 0.12740384615384615 0.24759615384615385
1 0.10336538461538461 0.21033653846153846 0.15144230769230768 0.2403846153846154
0 0.5673076923076923 0.4735576923076923 0.24759615384615385 0.19951923076923078
0 0.9302884615384616 0.7115384615384616 0.12980769230769232 0.3173076923076923
0 0.17067307692307693 0.6694711538461539 0.17067307692307693 0.30288461538461536
0 0.4891826923076923 0.6935096153846154 0.15144230769230768 0.31009615384615385
1 0.06129807692307692 0.6694711538461539 0.12259615384615384 0.25721153846153844
0 0.7884615384615384 0.7271634615384616 0.15144230769230768 0.28846153846153844
0 0.3269230769230769 0.6995192307692307 0.14903846153846154 0.27884615384615385
1 0.6310096153846154 0.7223557692307693 0.14182692307692307 0.2644230769230769