0 0.4639423076923077 0.20552884615384615 0.12980769230769232 0.25
0 0.5961538461538461 0.1935096153846154 0.13221153846153846 0.2548076923076923
0 0.7331730769230769 0.17427884615384615 0.14423076923076922 0.25721153846153844
0 0.07451923076923077 0.27403846153846156 0.1466346153846154 0.25721153846153844
0 0.20072115384615385 0.25841346153846156 0.13701923076923078 0.27403846153846156
0 0.33052884615384615 0.24639423076923078 0.14423076923076922 0.25240384615384615
1 0.875 0.18389423076923078 0.1658653846153846 0.24759615384615385
0 0.43149038461538464 0.47836538461538464 0.25961538461538464 0.21394230769230768
0 0.08533653846153846 0.7415865384615384 0.15144230769230768 0.31971153846153844
0 0.8401442307692307 0.6466346153846154 0.18990384615384615 0.3125
0 0.5240384615384616 0.6923076923076923 0.17067307692307693 0.3173076923076923
1 0.9411057692307693 0.6358173076923077 0.11778846153846154 0.2620192307692308
0 0.22716346153846154 0.7475961538461539 0.17067307692307693 0.2956730769230769
0 0.6862980769230769 0.6875 0.16826923076923078 0.2860576923076923
1 0.38461538461538464 0.7307692307692307 0.15865384615384615 0.27163461538461536