0 0.5769230769230769 0.2127403846153846 0.15144230769230768 0.2548076923076923
0 0.7043269230769231 0.25240384615384615 0.15384615384615385 0.25961538461538464
0 0.8377403846153846 0.2860576923076923 0.16826923076923078 0.2644230769230769
0 0.18990384615384615 0.13221153846153846 0.16826923076923078 0.2644230769230769
0 0.3125 0.16346153846153846 0.16346153846153846 0.27884615384615385
0 0.4387019230769231 0.20072115384615385 0.1658653846153846 0.25961538461538464
1 0.9350961538461539 0.3485576923076923 0.125 0.25961538461538464
0 0.44471153846153844 0.4543269230769231 0.27403846153846156 0.23557692307692307
0 0.057692307692307696 0.5697115384615384 0.11538461538461539 0.3269230769230769
0 0.7596153846153846 0.7632211538461539 0.21634615384615385 0.32211538461538464
0 0.45072115384615385 0.6875 0.19951923076923078 0.3245192307692308
1 0.8762019230769231 0.7992788461538461 0.18028846153846154 0.2692307692307692
0 0.15504807692307693 0.6274038461538461 0.1971153846153846 0.30288461538461536
0 0.6033653846153846 0.7439903846153846 0.19230769230769232 0.2932692307692308
1 0.30649038461538464 0.6706730769230769 0.18269230769230768 0.27884615384615385