0 0.5048076923076923 0.203125 0.09735576923076923 0.23918269230769232
0 0.6382211538461539 0.21033653846153846 0.0985576923076923 0.24278846153846154
0 0.7764423076923077 0.21033653846153846 0.11177884615384616 0.24519230769230768
0 0.11057692307692307 0.21754807692307693 0.11298076923076923 0.2439903846153846
0 0.23677884615384615 0.21875 0.10216346153846154 0.2620192307692308
0 0.36778846153846156 0.2247596153846154 0.11177884615384616 0.2403846153846154
1 0.9158653846153846 0.23918269230769232 0.13581730769230768 0.23076923076923078
0 0.43509615384615385 0.46875 0.23677884615384615 0.18389423076923078
0 0.055288461538461536 0.6814903846153846 0.11057692307692307 0.30649038461538464
0 0.8161057692307693 0.6923076923076923 0.1502403846153846 0.29447115384615385
0 0.49759615384615385 0.6935096153846154 0.12980769230769232 0.3016826923076923
1 0.9375 0.6995192307692307 0.12379807692307693 0.24759615384615385
0 0.19591346153846154 0.7067307692307693 0.13341346153846154 0.2800480769230769
0 0.6586538461538461 0.7115384615384616 0.1310096153846154 0.2704326923076923
1 0.35336538461538464 0.7127403846153846 0.12379807692307693 0.25600961538461536