0 0.44350961538461536 0.2091346153846154 0.14423076923076922 0.2548076923076923
0 0.5745192307692307 0.1875 0.1466346153846154 0.25721153846153844
0 0.7103365384615384 0.15865384615384615 0.16105769230769232 0.2620192307692308
0 0.07091346153846154 0.30528846153846156 0.14182692307692307 0.2644230769230769
0 0.18389423076923078 0.2800480769230769 0.15384615384615385 0.2764423076923077
0 0.3137019230769231 0.25841346153846156 0.15865384615384615 0.25721153846153844
1 0.8521634615384616 0.15865384615384615 0.18028846153846154 0.2548076923076923
0 0.43028846153846156 0.4831730769230769 0.2692307692307692 0.2283653846153846
0 0.10216346153846154 0.7704326923076923 0.17307692307692307 0.32211538461538464
0 0.8497596153846154 0.6225961538461539 0.2091346153846154 0.31971153846153844
0 0.5384615384615384 0.6899038461538461 0.18990384615384615 0.32211538461538464
1 0.9399038461538461 0.6057692307692307 0.11538461538461539 0.2692307692307692
0 0.24519230769230768 0.765625 0.18990384615384615 0.3004807692307692
0 0.6995192307692307 0.6742788461538461 0.18509615384615385 0.29086538461538464
1 0.40024038461538464 0.7379807692307693 0.17548076923076922 0.2764423076923077