0 0.6262019230769231 0.1310096153846154 0.15625 0.13221153846153846
0 0.18269230769230768 0.19230769230769232 0.1778846153846154 0.12740384615384615
0 0.4951923076923077 0.37259615384615385 0.09375 0.2403846153846154
1 0.06490384615384616 0.4026442307692308 0.10817307692307693 0.2403846153846154
1 0.15625 0.39783653846153844 0.11057692307692307 0.24519230769230768
1 0.234375 0.39302884615384615 0.09134615384615384 0.21634615384615385
1 0.32211538461538464 0.3894230769230769 0.10096153846153846 0.21153846153846154
0 0.8389423076923077 0.35697115384615385 0.11298076923076923 0.25721153846153844
0 0.5949519230769231 0.3737980769230769 0.10336538461538461 0.22596153846153846
0 0.9423076923076923 0.34975961538461536 0.0889423076923077 0.25240384615384615
0 0.4098557692307692 0.3870192307692308 0.08413461538461539 0.24519230769230768
1 0.7560096153846154 0.3641826923076923 0.11298076923076923 0.23317307692307693
1 0.6766826923076923 0.36899038461538464 0.09134615384615384 0.23076923076923078
0 0.4266826923076923 0.625 0.09375 0.23798076923076922
0 0.0625 0.6514423076923077 0.12259615384615384 0.27403846153846156
0 0.5204326923076923 0.6262019230769231 0.0985576923076923 0.2403846153846154
0 0.15985576923076922 0.6514423076923077 0.10336538461538461 0.22115384615384615
0 0.6959134615384616 0.6262019230769231 0.09375 0.23076923076923078
0 0.25600961538461536 0.6658653846153846 0.10336538461538461 0.2548076923076923
1 0.34375 0.6610576923076923 0.10336538461538461 0.2283653846153846
1 0.6057692307692307 0.6466346153846154 0.09134615384615384 0.22355769230769232
1 0.7692307692307693 0.6370192307692307 0.09134615384615384 0.24278846153846154
0 0.9543269230769231 0.6358173076923077 0.08653846153846154 0.2668269230769231
1 0.8725961538461539 0.6454326923076923 0.09615384615384616 0.24519230769230768