0 0.6826923076923077 0.15504807692307693 0.15865384615384615 0.13701923076923078
0 0.23557692307692307 0.1466346153846154 0.1778846153846154 0.12740384615384615
0 0.5144230769230769 0.3737980769230769 0.09615384615384616 0.2403846153846154
1 0.08653846153846154 0.33533653846153844 0.11057692307692307 0.24278846153846154
1 0.17668269230769232 0.3449519230769231 0.11298076923076923 0.24519230769230768
1 0.2548076923076923 0.35336538461538464 0.09615384615384616 0.21634615384615385
1 0.34134615384615385 0.3629807692307692 0.10336538461538461 0.21394230769230768
0 0.8581730769230769 0.41225961538461536 0.11778846153846154 0.25961538461538464
0 0.6129807692307693 0.390625 0.10576923076923077 0.2283653846153846
0 0.9555288461538461 0.4206730769230769 0.08413461538461539 0.2548076923076923
0 0.42908653846153844 0.3737980769230769 0.09134615384615384 0.24519230769230768
1 0.7740384615384616 0.40625 0.11778846153846154 0.23557692307692307
1 0.6947115384615384 0.39903846153846156 0.09615384615384616 0.23076923076923078
0 0.40865384615384615 0.6117788461538461 0.09615384615384616 0.2403846153846154
0 0.055288461538461536 0.5805288461538461 0.11057692307692307 0.2764423076923077
0 0.5012019230769231 0.6274038461538461 0.10096153846153846 0.24278846153846154
0 0.140625 0.5961538461538461 0.10576923076923077 0.22115384615384615
0 0.6730769230769231 0.6550480769230769 0.0985576923076923 0.23317307692307693
0 0.23317307692307693 0.6262019230769231 0.10817307692307693 0.2548076923076923
1 0.32091346153846156 0.6346153846153846 0.10576923076923077 0.2283653846153846
1 0.5817307692307693 0.6610576923076923 0.09375 0.22355769230769232
1 0.7451923076923077 0.6766826923076923 0.09615384615384616 0.24519230769230768
0 0.9375 0.7055288461538461 0.11057692307692307 0.2668269230769231
1 0.8449519230769231 0.7019230769230769 0.10096153846153846 0.24759615384615385