0 0.40625 0.12139423076923077 0.1658653846153846 0.1466346153846154
0 0.8425480769230769 0.22115384615384615 0.18509615384615385 0.13942307692307693
0 0.5168269230769231 0.3737980769230769 0.11298076923076923 0.24278846153846154
1 0.9375 0.4423076923076923 0.1201923076923077 0.25
1 0.8509615384615384 0.42788461538461536 0.12980769230769232 0.25
1 0.7740384615384616 0.4170673076923077 0.11057692307692307 0.22115384615384615
1 0.6862980769230769 0.4050480769230769 0.11778846153846154 0.21875
0 0.17427884615384615 0.328125 0.1346153846153846 0.2644230769230769
0 0.4170673076923077 0.36658653846153844 0.1201923076923077 0.23317307692307693
0 0.07211538461538461 0.3112980769230769 0.11057692307692307 0.2548076923076923
0 0.5997596153846154 0.3954326923076923 0.10576923076923077 0.24759615384615385
1 0.25721153846153844 0.3425480769230769 0.13221153846153846 0.2403846153846154
1 0.33533653846153844 0.3545673076923077 0.11057692307692307 0.23317307692307693
0 0.5625 0.6298076923076923 0.11298076923076923 0.24278846153846154
0 0.9230769230769231 0.6887019230769231 0.14423076923076922 0.27884615384615385
0 0.46875 0.6237980769230769 0.11778846153846154 0.24759615384615385
0 0.8257211538461539 0.6802884615384616 0.1201923076923077 0.22596153846153846
0 0.29447115384615385 0.6081730769230769 0.11298076923076923 0.23557692307692307
0 0.7283653846153846 0.6875 0.125 0.25961538461538464
1 0.6418269230769231 0.6742788461538461 0.12259615384615384 0.23317307692307693
1 0.38221153846153844 0.6370192307692307 0.10817307692307693 0.2283653846153846
1 0.21875 0.6129807692307693 0.11057692307692307 0.24759615384615385
0 0.04567307692307692 0.5949519230769231 0.09134615384615384 0.27163461538461536
1 0.11538461538461539 0.6117788461538461 0.11778846153846154 0.25