0 0.38100961538461536 0.12860576923076922 0.15865384615384615 0.1346153846153846
0 0.8221153846153846 0.1971153846153846 0.18028846153846154 0.12980769230769232
0 0.5072115384615384 0.37259615384615385 0.09615384615384616 0.2403846153846154
1 0.9362980769230769 0.4098557692307692 0.11057692307692307 0.24278846153846154
1 0.8449519230769231 0.40384615384615385 0.11298076923076923 0.24519230769230768
1 0.7668269230769231 0.39783653846153844 0.09615384615384616 0.21634615384615385
1 0.6790865384615384 0.39302884615384615 0.10336538461538461 0.21394230769230768
0 0.16346153846153846 0.35096153846153844 0.11778846153846154 0.25961538461538464
0 0.4074519230769231 0.37259615384615385 0.10576923076923077 0.2283653846153846
0 0.06009615384615385 0.3425480769230769 0.09375 0.25240384615384615
0 0.5913461538461539 0.38822115384615385 0.0889423076923077 0.24519230769230768
1 0.24639423076923078 0.359375 0.11538461538461539 0.23317307692307693
1 0.32572115384615385 0.36658653846153844 0.09615384615384616 0.23076923076923078
0 0.5709134615384616 0.6262019230769231 0.09615384615384616 0.2403846153846154
0 0.9350961538461539 0.6586538461538461 0.12740384615384615 0.2764423076923077
0 0.47716346153846156 0.6262019230769231 0.10096153846153846 0.24278846153846154
0 0.8377403846153846 0.6574519230769231 0.10576923076923077 0.22355769230769232
0 0.3016826923076923 0.6225961538461539 0.0985576923076923 0.23317307692307693
0 0.7403846153846154 0.6706730769230769 0.10817307692307693 0.2548076923076923
1 0.6538461538461539 0.6646634615384616 0.10817307692307693 0.23076923076923078
1 0.3918269230769231 0.6454326923076923 0.09375 0.22596153846153846
1 0.2283653846153846 0.6322115384615384 0.09615384615384616 0.24519230769230768
0 0.04567307692307692 0.6274038461538461 0.09134615384615384 0.2692307692307692
1 0.125 0.6382211538461539 0.10096153846153846 0.24759615384615385