0 0.3545673076923077 0.13822115384615385 0.15144230769230768 0.125
0 0.8004807692307693 0.17548076923076922 0.17307692307692307 0.11778846153846154
0 0.4987980769230769 0.37259615384615385 0.08173076923076923 0.23557692307692307
1 0.9290865384615384 0.3798076923076923 0.09615384615384616 0.23798076923076922
1 0.8377403846153846 0.3798076923076923 0.09615384615384616 0.2403846153846154
1 0.7596153846153846 0.3798076923076923 0.08173076923076923 0.21394230769230768
1 0.671875 0.3798076923076923 0.0889423076923077 0.2091346153846154
0 0.15384615384615385 0.375 0.10096153846153846 0.25240384615384615
0 0.39903846153846156 0.3798076923076923 0.09134615384615384 0.22355769230769232
0 0.05048076923076923 0.37259615384615385 0.07692307692307693 0.24759615384615385
0 0.5841346153846154 0.38221153846153844 0.07211538461538461 0.2403846153846154
1 0.23798076923076922 0.37740384615384615 0.10096153846153846 0.2283653846153846
1 0.3173076923076923 0.3786057692307692 0.08173076923076923 0.22596153846153846
0 0.5793269230769231 0.6201923076923077 0.08173076923076923 0.23557692307692307
0 0.9435096153846154 0.6286057692307693 0.10817307692307693 0.27163461538461536
0 0.4855769230769231 0.6274038461538461 0.08653846153846154 0.23798076923076922
0 0.8473557692307693 0.6334134615384616 0.09134615384615384 0.21634615384615385
0 0.3112980769230769 0.6358173076923077 0.08413461538461539 0.2283653846153846
0 0.7524038461538461 0.6538461538461539 0.09134615384615384 0.25
1 0.6646634615384616 0.6526442307692307 0.09134615384615384 0.22355769230769232
1 0.4026442307692308 0.6526442307692307 0.07932692307692307 0.22115384615384615
1 0.23798076923076922 0.6502403846153846 0.07932692307692307 0.2403846153846154
0 0.04567307692307692 0.6586538461538461 0.09134615384615384 0.2644230769230769
1 0.13581730769230768 0.6646634615384616 0.08413461538461539 0.24278846153846154