0 0.3485576923076923 0.140625 0.14903846153846154 0.12379807692307693
0 0.7944711538461539 0.17067307692307693 0.16947115384615385 0.1141826923076923
0 0.4963942307692308 0.37259615384615385 0.07692307692307693 0.234375
1 0.9266826923076923 0.37259615384615385 0.09134615384615384 0.23557692307692307
1 0.8353365384615384 0.3737980769230769 0.09254807692307693 0.23918269230769232
1 0.7572115384615384 0.375 0.078125 0.21153846153846154
1 0.6694711538461539 0.37740384615384615 0.08653846153846154 0.20673076923076922
0 0.15144230769230768 0.38100961538461536 0.09735576923076923 0.2512019230769231
0 0.39663461538461536 0.38100961538461536 0.08774038461538461 0.22115384615384615
0 0.04807692307692308 0.38100961538461536 0.07211538461538461 0.24639423076923078
0 0.5817307692307693 0.38100961538461536 0.06971153846153846 0.2403846153846154
1 0.23557692307692307 0.38221153846153844 0.09735576923076923 0.22716346153846154
1 0.31490384615384615 0.38221153846153844 0.07692307692307693 0.2247596153846154
0 0.5817307692307693 0.6189903846153846 0.07692307692307693 0.234375
0 0.9471153846153846 0.6201923076923077 0.1045673076923077 0.2668269230769231
0 0.4879807692307692 0.6274038461538461 0.08173076923076923 0.23677884615384615
0 0.8497596153846154 0.6274038461538461 0.08774038461538461 0.21514423076923078
0 0.3137019230769231 0.6394230769230769 0.07932692307692307 0.22596153846153846
0 0.7548076923076923 0.6490384615384616 0.08653846153846154 0.24879807692307693
1 0.6670673076923077 0.6502403846153846 0.08774038461538461 0.22235576923076922
1 0.4050480769230769 0.6538461538461539 0.07572115384615384 0.21875
1 0.2403846153846154 0.6550480769230769 0.07451923076923077 0.23918269230769232
0 0.04567307692307692 0.6670673076923077 0.0889423076923077 0.25961538461538464
1 0.13822115384615385 0.6706730769230769 0.08052884615384616 0.2403846153846154