0 0.3088942307692308 0.23197115384615385 0.1622596153846154 0.10336538461538461
1 0.8413461538461539 0.23918269230769232 0.15384615384615385 0.09254807692307693
1 0.14903846153846154 0.24158653846153846 0.15985576923076922 0.0985576923076923
1 0.6778846153846154 0.24879807692307693 0.140625 0.11298076923076923
0 0.8329326923076923 0.31490384615384615 0.1502403846153846 0.12139423076923077
0 0.6682692307692307 0.33774038461538464 0.1466346153846154 0.125
0 0.16466346153846154 0.34375 0.13942307692307693 0.09615384615384616
1 0.32572115384615385 0.3545673076923077 0.15865384615384615 0.08774038461538461
0 0.8377403846153846 0.039663461538461536 0.1778846153846154 0.07932692307692307
0 0.15865384615384615 0.04326923076923077 0.14302884615384615 0.08653846153846154
1 0.3245192307692308 0.04447115384615385 0.16346153846153846 0.08774038461538461
1 0.6694711538461539 0.4362980769230769 0.1502403846153846 0.10817307692307693
0 0.8473557692307693 0.4375 0.16947115384615385 0.10096153846153846
0 0.1502403846153846 0.44711538461538464 0.1466346153846154 0.078125
1 0.33052884615384615 0.4543269230769231 0.16826923076923078 0.10096153846153846
0 0.6742788461538461 0.04807692307692308 0.15504807692307693 0.09615384615384616
0 0.6790865384615384 0.5228365384615384 0.16105769230769232 0.14783653846153846
0 0.3329326923076923 0.5396634615384616 0.15144230769230768 0.10817307692307693
1 0.8449519230769231 0.546875 0.1622596153846154 0.0829326923076923
0 0.16826923076923078 0.5612980769230769 0.15144230769230768 0.09134615384615384
1 0.8425480769230769 0.6478365384615384 0.15985576923076922 0.08413461538461539
0 0.32091346153846156 0.6490384615384616 0.15264423076923078 0.11298076923076923
0 0.6742788461538461 0.6646634615384616 0.14903846153846154 0.10216346153846154
0 0.1658653846153846 0.6706730769230769 0.13942307692307693 0.08774038461538461
0 0.84375 0.7295673076923077 0.15144230769230768 0.12980769230769232
0 0.6754807692307693 0.7391826923076923 0.171875 0.10216346153846154
0 0.3233173076923077 0.7668269230769231 0.15264423076923078 0.09134615384615384
0 0.1778846153846154 0.7668269230769231 0.12860576923076922 0.10697115384615384
1 0.8425480769230769 0.13341346153846154 0.15745192307692307 0.08173076923076923
0 0.6947115384615384 0.13701923076923078 0.16466346153846154 0.13581730769230768
0 0.3112980769230769 0.1502403846153846 0.13581730769230768 0.1045673076923077
0 0.14903846153846154 0.15504807692307693 0.15865384615384615 0.08413461538461539