0 0.671875 0.21875 0.16826923076923078 0.11538461538461539
1 0.14182692307692307 0.26322115384615385 0.16105769230769232 0.10336538461538461
1 0.8317307692307693 0.21754807692307693 0.1658653846153846 0.11057692307692307
1 0.30528846153846156 0.2620192307692308 0.14903846153846154 0.12259615384615384
0 0.15504807692307693 0.3389423076923077 0.15865384615384615 0.13221153846153846
0 0.32091346153846156 0.34975961538461536 0.15384615384615385 0.1346153846153846
0 0.8233173076923077 0.32091346153846156 0.1466346153846154 0.10576923076923077
1 0.6634615384615384 0.3425480769230769 0.16346153846153846 0.0985576923076923
0 0.1310096153846154 0.06490384615384616 0.18269230769230768 0.09134615384615384
0 0.8088942307692307 0.03485576923076923 0.15144230769230768 0.06971153846153846
1 0.6430288461538461 0.042067307692307696 0.17067307692307693 0.08413461538461539
1 0.3269230769230769 0.4483173076923077 0.15625 0.11778846153846154
0 0.14903846153846154 0.46153846153846156 0.17548076923076922 0.11298076923076923
0 0.8449519230769231 0.4230769230769231 0.15144230769230768 0.0889423076923077
1 0.6658653846153846 0.4423076923076923 0.17548076923076922 0.11298076923076923
0 0.29447115384615385 0.06129807692307692 0.16105769230769232 0.10576923076923077
0 0.3233173076923077 0.5348557692307693 0.17067307692307693 0.15865384615384615
0 0.6694711538461539 0.5276442307692307 0.15865384615384615 0.11778846153846154
1 0.15865384615384615 0.5709134615384616 0.16826923076923078 0.09375
0 0.8353365384615384 0.5384615384615384 0.15625 0.10096153846153846
1 0.16826923076923078 0.671875 0.1658653846153846 0.09615384615384616
0 0.6887019230769231 0.6358173076923077 0.16105769230769232 0.12259615384615384
0 0.33774038461538464 0.6766826923076923 0.15625 0.11298076923076923
0 0.8449519230769231 0.6466346153846154 0.14423076923076922 0.09615384615384616
0 0.17307692307692307 0.7524038461538461 0.16105769230769232 0.13942307692307693
0 0.34134615384615385 0.7512019230769231 0.1778846153846154 0.11298076923076923
0 0.6947115384615384 0.7536057692307693 0.15865384615384615 0.10096153846153846
0 0.8401442307692307 0.7439903846153846 0.1346153846153846 0.11538461538461539
1 0.13221153846153846 0.15865384615384615 0.16346153846153846 0.09134615384615384
0 0.2800480769230769 0.15144230769230768 0.17307692307692307 0.1466346153846154
0 0.6634615384615384 0.13822115384615385 0.14182692307692307 0.11298076923076923
0 0.8257211538461539 0.1310096153846154 0.16346153846153846 0.09615384615384616