0 0.30898395721925137 0.23159784560143626 0.16203208556149734 0.10310592459605028
1 0.8415508021390374 0.23903052064631955 0.15383689839572184 0.09233393177737882
1 0.14953208556149733 0.2421184919210054 0.16017379679144386 0.09849192100538602
1 0.6773262032085561 0.2492998204667864 0.1401470588235294 0.11285457809694796
0 0.8323930481283423 0.3149551166965889 0.15078877005347588 0.1210592459605027
0 0.6679812834224599 0.3375224416517056 0.14663101604278084 0.1251526032315978
0 0.16423796791443848 0.3436804308797128 0.1399197860962567 0.09642728904847393
1 0.3261631016042781 0.3544524236983842 0.1582085561497326 0.08719928186714541
0 0.8368983957219251 0.03859964093357271 0.17647058823529413 0.07719928186714542
0 0.15812834224598932 0.04308797127468582 0.1429812834224599 0.08617594254937164
1 0.3250133689839572 0.0441113105924596 0.16354278074866313 0.0882226211849192
1 0.6695053475935828 0.4365170556552962 0.14969251336898393 0.10771992818671454
0 0.8474732620320855 0.4380610412926391 0.16949197860962564 0.10053859964093358
0 0.15029411764705883 0.44728904847396767 0.14641711229946525 0.07797127468581684
1 0.3305614973262032 0.4542190305206463 0.16774064171123 0.10105924596050268
0 0.6742780748663102 0.04822262118491921 0.1554144385026738 0.09642728904847399
0 0.6790508021390376 0.523213644524237 0.1611497326203209 0.14773788150807898
0 0.33247326203208555 0.5391202872531419 0.15171122994652408 0.10771992818671454
1 0.8449866310160428 0.5473249551166967 0.1622326203208555 0.0831059245960502
0 0.16786096256684493 0.5616876122082586 0.15100267379679144 0.09131059245960506
1 0.8428877005347594 0.6475942549371634 0.16033422459893057 0.08360861759425503
0 0.3213903743315508 0.6493895870736086 0.15247326203208558 0.11285457809694796
0 0.6746524064171123 0.6647935368043089 0.14854278074866303 0.10258527827648112
0 0.16594919786096257 0.6701795332136445 0.13954545454545453 0.08771992818671456
0 0.8442245989304813 0.7294254937163376 0.1515374331550801 0.12926391382405744
0 0.6750401069518717 0.7389048473967684 0.17221925133689847 0.1020825852782765
0 0.3231149732620321 0.7668581687612208 0.1520989304812834 0.09131059245960506
0 0.17760695187165776 0.7671274685816877 0.12846256684491977 0.10719928186714549
1 0.8430748663101605 0.1336265709156194 0.15688502673796778 0.08156193895870738
0 0.6941310160427808 0.1374685816876122 0.16457219251336894 0.13542190305206464
0 0.3112700534759359 0.15055655296229803 0.13605614973262034 0.10515260323159784
0 0.14877005347593583 0.1551705565529623 0.15863636363636366 0.08360861759425492