0 0.27403846153846156 0.2608173076923077 0.17548076923076922 0.125
1 0.8016826923076923 0.19471153846153846 0.1658653846153846 0.11298076923076923
1 0.11658653846153846 0.2932692307692308 0.17067307692307693 0.1201923076923077
1 0.640625 0.22596153846153846 0.15384615384615385 0.13221153846153846
0 0.8040865384615384 0.2704326923076923 0.1658653846153846 0.13942307692307693
0 0.6442307692307693 0.3161057692307692 0.16105769230769232 0.14423076923076922
0 0.1466346153846154 0.3918269230769231 0.15144230769230768 0.11538461538461539
1 0.3076923076923077 0.3798076923076923 0.16826923076923078 0.11057692307692307
0 0.7704326923076923 0.025240384615384616 0.18990384615384615 0.05048076923076923
0 0.0985576923076923 0.09495192307692307 0.15384615384615385 0.10576923076923077
1 0.26322115384615385 0.0733173076923077 0.17307692307692307 0.11057692307692307
1 0.6586538461538461 0.41346153846153844 0.16346153846153846 0.12740384615384615
0 0.8353365384615384 0.3894230769230769 0.18269230769230768 0.12259615384615384
0 0.1466346153846154 0.4963942307692308 0.15625 0.09615384615384616
1 0.32572115384615385 0.47836538461538464 0.18028846153846154 0.12259615384615384
0 0.609375 0.04447115384615385 0.17067307692307693 0.0889423076923077
0 0.6802884615384616 0.49759615384615385 0.18028846153846154 0.16826923076923078
0 0.3401442307692308 0.5625 0.1658653846153846 0.12740384615384615
1 0.8485576923076923 0.4987980769230769 0.17067307692307693 0.10576923076923077
0 0.18028846153846154 0.6069711538461539 0.16346153846153846 0.11057692307692307
1 0.859375 0.5985576923076923 0.17067307692307693 0.10576923076923077
0 0.34375 0.6730769230769231 0.1658653846153846 0.1346153846153846
0 0.6959134615384616 0.6382211538461539 0.16105769230769232 0.12259615384615384
0 0.19230769230769232 0.7151442307692307 0.14903846153846154 0.10576923076923077
0 0.8725961538461539 0.6790865384615384 0.1658653846153846 0.14903846153846154
0 0.7067307692307693 0.7127403846153846 0.18509615384615385 0.125
0 0.36177884615384615 0.7884615384615384 0.16346153846153846 0.11057692307692307
0 0.21875 0.8088942307692307 0.14182692307692307 0.12259615384615384
1 0.7884615384615384 0.0889423076923077 0.1658653846153846 0.10336538461538461
0 0.6418269230769231 0.11298076923076923 0.18028846153846154 0.15625
0 0.2644230769230769 0.18028846153846154 0.14903846153846154 0.12259615384615384
0 0.1045673076923077 0.20673076923076922 0.16826923076923078 0.10576923076923077