0 0.6418269230769231 0.203125 0.1778846153846154 0.12980769230769232
1 0.11899038461538461 0.30288461538461536 0.16826923076923078 0.11778846153846154
1 0.8004807692307693 0.18509615384615385 0.17548076923076922 0.125
1 0.28125 0.28365384615384615 0.15865384615384615 0.1346153846153846
0 0.13942307692307693 0.375 0.16826923076923078 0.1466346153846154
0 0.30649038461538464 0.36899038461538464 0.1658653846153846 0.14903846153846154
0 0.8028846153846154 0.28846153846153844 0.15384615384615385 0.11778846153846154
1 0.6466346153846154 0.3269230769230769 0.17067307692307693 0.11298076923076923
0 0.09254807692307693 0.10576923076923077 0.18509615384615385 0.11057692307692307
0 0.7572115384615384 0.02403846153846154 0.15865384615384615 0.04807692307692308
1 0.59375 0.039663461538461536 0.1778846153846154 0.07932692307692307
1 0.32211538461538464 0.46634615384615385 0.1658653846153846 0.13221153846153846
0 0.1466346153846154 0.4987980769230769 0.18509615384615385 0.12980769230769232
0 0.8353365384615384 0.3870192307692308 0.15865384615384615 0.10336538461538461
1 0.6586538461538461 0.4254807692307692 0.18269230769230768 0.12980769230769232
0 0.25 0.08533653846153846 0.16826923076923078 0.12259615384615384
0 0.328125 0.5540865384615384 0.18509615384615385 0.17307692307692307
0 0.671875 0.5096153846153846 0.16826923076923078 0.13221153846153846
1 0.16826923076923078 0.6057692307692307 0.17307692307692307 0.11057692307692307
0 0.8377403846153846 0.5024038461538461 0.1658653846153846 0.11538461538461539
1 0.18870192307692307 0.7055288461538461 0.17307692307692307 0.11057692307692307
0 0.7019230769230769 0.6153846153846154 0.17067307692307693 0.13701923076923078
0 0.35697115384615385 0.6923076923076923 0.16346153846153846 0.12740384615384615
0 0.8581730769230769 0.6105769230769231 0.15144230769230768 0.11057692307692307
0 0.20192307692307693 0.7860576923076923 0.17067307692307693 0.15384615384615385
0 0.36899038461538464 0.765625 0.1875 0.12980769230769232
0 0.7199519230769231 0.7319711538461539 0.1658653846153846 0.11538461538461539
0 0.8629807692307693 0.7067307692307693 0.14423076923076922 0.12740384615384615
1 0.0985576923076923 0.19831730769230768 0.16826923076923078 0.10817307692307693
0 0.24519230769230768 0.17668269230769232 0.18509615384615385 0.16346153846153846
0 0.625 0.12259615384615384 0.15144230769230768 0.12740384615384615
0 0.7860576923076923 0.09975961538461539 0.17067307692307693 0.11057692307692307