0 0.7175480769230769 0.2536057692307692 0.17307692307692307 0.1201923076923077
1 0.1875 0.20552884615384615 0.16346153846153846 0.10817307692307693
1 0.8762019230769231 0.2800480769230769 0.16826923076923078 0.11538461538461539
1 0.34975961538461536 0.23197115384615385 0.15144230769230768 0.12740384615384615
0 0.18870192307692307 0.28125 0.16105769230769232 0.13701923076923078
0 0.34975961538461536 0.32091346153846156 0.15865384615384615 0.13942307692307693
0 0.8497596153846154 0.3798076923076923 0.14903846153846154 0.11057692307692307
1 0.6887019230769231 0.3737980769230769 0.1658653846153846 0.10336538461538461
0 0.21394230769230768 0.028846153846153848 0.1875 0.057692307692307696
0 0.8870192307692307 0.08173076923076923 0.15144230769230768 0.10096153846153846
1 0.7223557692307693 0.06490384615384616 0.17067307692307693 0.10336538461538461
1 0.33774038461538464 0.41947115384615385 0.16105769230769232 0.12259615384615384
0 0.16105769230769232 0.4014423076923077 0.18028846153846154 0.11778846153846154
0 0.8533653846153846 0.484375 0.15384615384615385 0.09375
1 0.6730769230769231 0.4723557692307692 0.1778846153846154 0.11778846153846154
0 0.3737980769230769 0.04567307692307692 0.1658653846153846 0.09134615384615384
0 0.31971153846153844 0.5036057692307693 0.17548076923076922 0.16346153846153846
0 0.6622596153846154 0.5564903846153846 0.16105769230769232 0.12259615384615384
1 0.15144230769230768 0.5108173076923077 0.17067307692307693 0.0985576923076923
0 0.8233173076923077 0.5961538461538461 0.16105769230769232 0.10576923076923077
1 0.14423076923076922 0.6117788461538461 0.16826923076923078 0.10096153846153846
0 0.6622596153846154 0.6670673076923077 0.16346153846153846 0.12740384615384615
0 0.3088942307692308 0.6454326923076923 0.15865384615384615 0.11778846153846154
0 0.8149038461538461 0.7043269230769231 0.1466346153846154 0.10096153846153846
0 0.1346153846153846 0.6923076923076923 0.16346153846153846 0.14423076923076922
0 0.3004807692307692 0.7199519230769231 0.18269230769230768 0.1201923076923077
0 0.6478365384615384 0.7836538461538461 0.16105769230769232 0.10576923076923077
0 0.7920673076923077 0.7992788461538461 0.13942307692307693 0.1201923076923077
1 0.1971153846153846 0.09975961538461539 0.1658653846153846 0.0985576923076923
0 0.34375 0.11899038461538461 0.1778846153846154 0.15144230769230768
0 0.7247596153846154 0.171875 0.1466346153846154 0.11778846153846154
0 0.8846153846153846 0.1935096153846154 0.1658653846153846 0.10096153846153846