0 0.2536057692307692 0.28125 0.18028846153846154 0.13701923076923078
1 0.7740384615384616 0.16947115384615385 0.17067307692307693 0.125
1 0.09975961538461539 0.3269230769230769 0.1778846153846154 0.13221153846153846
1 0.6165865384615384 0.21514423076923078 0.16346153846153846 0.14182692307692307
0 0.7824519230769231 0.24519230769230768 0.17307692307692307 0.15144230769230768
0 0.6274038461538461 0.30408653846153844 0.17067307692307693 0.15384615384615385
0 0.13822115384615385 0.4230769230769231 0.15865384615384615 0.125
1 0.296875 0.39783653846153844 0.17548076923076922 0.1201923076923077
0 0.7223557692307693 0.015625 0.18990384615384615 0.03125
0 0.07211538461538461 0.13221153846153846 0.14423076923076922 0.11538461538461539
1 0.22596153846153846 0.09615384615384616 0.1778846153846154 0.12259615384615384
1 0.6502403846153846 0.40024038461538464 0.17067307692307693 0.13942307692307693
0 0.8245192307692307 0.3605769230769231 0.1875 0.13701923076923078
0 0.14783653846153846 0.5276442307692307 0.16105769230769232 0.10817307692307693
1 0.3245192307692308 0.49399038461538464 0.1875 0.13701923076923078
0 0.5673076923076923 0.042067307692307696 0.17307692307692307 0.08413461538461539
0 0.6790865384615384 0.48197115384615385 0.18990384615384615 0.18028846153846154
0 0.34615384615384615 0.5757211538461539 0.17307692307692307 0.13942307692307693
1 0.8461538461538461 0.4675480769230769 0.1778846153846154 0.11778846153846154
0 0.19110576923076922 0.6346153846153846 0.16826923076923078 0.12259615384615384
1 0.8665865384615384 0.5673076923076923 0.17548076923076922 0.11778846153846154
0 0.359375 0.6850961538461539 0.17307692307692307 0.14423076923076922
0 0.7067307692307693 0.6213942307692307 0.16826923076923078 0.13221153846153846
0 0.2127403846153846 0.7415865384615384 0.15625 0.11778846153846154
0 0.8870192307692307 0.6466346153846154 0.1778846153846154 0.16105769230769232
0 0.7247596153846154 0.6935096153846154 0.18990384615384615 0.13701923076923078
0 0.38822115384615385 0.7992788461538461 0.16826923076923078 0.12259615384615384
0 0.24639423076923078 0.8329326923076923 0.14903846153846154 0.13221153846153846
1 0.7512019230769231 0.06610576923076923 0.17067307692307693 0.11538461538461539
0 0.6081730769230769 0.10216346153846154 0.18990384615384615 0.16826923076923078
0 0.23798076923076922 0.20192307692307693 0.15625 0.13221153846153846
0 0.0829326923076923 0.24158653846153846 0.1658653846153846 0.11778846153846154