0 0.265625 0.2692307692307692 0.1778846153846154 0.12980769230769232
1 0.7908653846153846 0.18389423076923078 0.16826923076923078 0.11778846153846154
1 0.109375 0.30649038461538464 0.17548076923076922 0.125
1 0.6310096153846154 0.22115384615384615 0.15865384615384615 0.1346153846153846
0 0.7956730769230769 0.25961538461538464 0.16826923076923078 0.1466346153846154
0 0.6370192307692307 0.3112980769230769 0.1658653846153846 0.14903846153846154
0 0.14302884615384615 0.40384615384615385 0.15384615384615385 0.11778846153846154
1 0.30288461538461536 0.3870192307692308 0.17067307692307693 0.11298076923076923
0 0.7524038461538461 0.021634615384615384 0.19230769230769232 0.04326923076923077
0 0.08413461538461539 0.109375 0.15625 0.11057692307692307
1 0.24759615384615385 0.08173076923076923 0.17548076923076922 0.11538461538461539
1 0.65625 0.4074519230769231 0.1658653846153846 0.13221153846153846
0 0.8317307692307693 0.3786057692307692 0.18509615384615385 0.12980769230769232
0 0.1466346153846154 0.5084134615384616 0.15865384615384615 0.10336538461538461
1 0.32572115384615385 0.484375 0.18269230769230768 0.12980769230769232
0 0.5949519230769231 0.04447115384615385 0.17067307692307693 0.0889423076923077
0 0.6802884615384616 0.49158653846153844 0.18509615384615385 0.17307692307692307
0 0.3425480769230769 0.5685096153846154 0.16826923076923078 0.13221153846153846
1 0.8473557692307693 0.48677884615384615 0.17307692307692307 0.11057692307692307
0 0.18389423076923078 0.6177884615384616 0.1658653846153846 0.11538461538461539
1 0.8629807692307693 0.5865384615384616 0.17307692307692307 0.11057692307692307
0 0.34975961538461536 0.6778846153846154 0.17067307692307693 0.13701923076923078
0 0.7007211538461539 0.6322115384615384 0.16346153846153846 0.12740384615384615
0 0.20072115384615385 0.7259615384615384 0.15144230769230768 0.11057692307692307
0 0.8786057692307693 0.6658653846153846 0.17067307692307693 0.15384615384615385
0 0.7139423076923077 0.7055288461538461 0.1875 0.12980769230769232
0 0.37259615384615385 0.7932692307692307 0.1658653846153846 0.11538461538461539
0 0.22956730769230768 0.8185096153846154 0.14423076923076922 0.12740384615384615
1 0.7740384615384616 0.07932692307692307 0.16826923076923078 0.10817307692307693
0 0.6286057692307693 0.10817307692307693 0.18509615384615385 0.16346153846153846
0 0.2536057692307692 0.18870192307692307 0.15144230769230768 0.12740384615384615
0 0.09495192307692307 0.22115384615384615 0.17067307692307693 0.11057692307692307