0 0.2692307692307692 0.265625 0.17548076923076922 0.12740384615384615
1 0.796875 0.18870192307692307 0.1658653846153846 0.11538461538461539
1 0.11298076923076923 0.29927884615384615 0.17307692307692307 0.12259615384615384
1 0.6358173076923077 0.22355769230769232 0.15625 0.1346153846153846
0 0.7992788461538461 0.265625 0.16826923076923078 0.14423076923076922
0 0.640625 0.3137019230769231 0.16346153846153846 0.1466346153846154
0 0.14423076923076922 0.39783653846153844 0.15384615384615385 0.11778846153846154
1 0.30528846153846156 0.38341346153846156 0.17067307692307693 0.11057692307692307
0 0.7596153846153846 0.021634615384615384 0.1875 0.04326923076923077
0 0.09134615384615384 0.10216346153846154 0.15384615384615385 0.10817307692307693
1 0.25600961538461536 0.078125 0.17548076923076922 0.11298076923076923
1 0.6574519230769231 0.4110576923076923 0.1658653846153846 0.12980769230769232
0 0.8329326923076923 0.38341346153846156 0.18269230769230768 0.12740384615384615
0 0.1466346153846154 0.5024038461538461 0.15625 0.10096153846153846
1 0.32572115384615385 0.48197115384615385 0.18269230769230768 0.125
0 0.6009615384615384 0.04326923076923077 0.16826923076923078 0.08653846153846154
0 0.6802884615384616 0.49399038461538464 0.18269230769230768 0.17067307692307693
0 0.34134615384615385 0.5649038461538461 0.1658653846153846 0.12980769230769232
1 0.8485576923076923 0.49278846153846156 0.17307692307692307 0.10817307692307693
0 0.1814903846153846 0.6129807692307693 0.16346153846153846 0.11298076923076923
1 0.8617788461538461 0.5925480769230769 0.17067307692307693 0.10817307692307693
0 0.34615384615384615 0.6754807692307693 0.16826923076923078 0.1346153846153846
0 0.6983173076923077 0.6358173076923077 0.16346153846153846 0.125
0 0.1971153846153846 0.7211538461538461 0.15144230769230768 0.10817307692307693
0 0.875 0.6730769230769231 0.17067307692307693 0.15144230769230768
0 0.7103365384615384 0.7091346153846154 0.18509615384615385 0.12740384615384615
0 0.36778846153846156 0.7908653846153846 0.1658653846153846 0.11298076923076923
0 0.22355769230769232 0.8137019230769231 0.14423076923076922 0.125
1 0.78125 0.08413461538461539 0.16826923076923078 0.10576923076923077
0 0.6358173076923077 0.11057692307692307 0.18269230769230768 0.16105769230769232
0 0.25841346153846156 0.18389423076923078 0.15144230769230768 0.125
0 0.09975961538461539 0.21394230769230768 0.17067307692307693 0.10817307692307693