0 0.7043269230769231 0.24278846153846154 0.1658653846153846 0.11057692307692307
1 0.17307692307692307 0.22115384615384615 0.15865384615384615 0.10096153846153846
1 0.8641826923076923 0.2608173076923077 0.16346153846153846 0.10576923076923077
1 0.33533653846153844 0.2403846153846154 0.1466346153846154 0.1201923076923077
0 0.17668269230769232 0.2980769230769231 0.15625 0.12740384615384615
0 0.3401442307692308 0.3293269230769231 0.15144230769230768 0.13221153846153846
0 0.8425480769230769 0.36177884615384615 0.14423076923076922 0.10336538461538461
1 0.6814903846153846 0.3641826923076923 0.16346153846153846 0.09615384615384616
0 0.18629807692307693 0.03485576923076923 0.18509615384615385 0.06971153846153846
0 0.8641826923076923 0.06129807692307692 0.14903846153846154 0.09375
1 0.6995192307692307 0.054086538461538464 0.16826923076923078 0.09615384615384616
1 0.33413461538461536 0.42788461538461536 0.15625 0.11538461538461539
0 0.15625 0.41947115384615385 0.17548076923076922 0.11057692307692307
0 0.8521634615384616 0.4651442307692308 0.15144230769230768 0.08413461538461539
1 0.671875 0.46274038461538464 0.17307692307692307 0.11057692307692307
0 0.35096153846153844 0.046875 0.16346153846153846 0.09375
0 0.31971153846153844 0.5132211538461539 0.16826923076923078 0.15625
0 0.6646634615384616 0.5480769230769231 0.15625 0.11538461538461539
1 0.15264423076923078 0.5288461538461539 0.1658653846153846 0.09134615384615384
0 0.828125 0.578125 0.15625 0.0985576923076923
1 0.1502403846153846 0.6298076923076923 0.16346153846153846 0.09134615384615384
0 0.6706730769230769 0.6586538461538461 0.15865384615384615 0.12259615384615384
0 0.3173076923076923 0.6550480769230769 0.15384615384615385 0.11057692307692307
0 0.8245192307692307 0.6875 0.14423076923076922 0.09375
0 0.14423076923076922 0.7115384615384616 0.15625 0.13701923076923078
0 0.3125 0.7295673076923077 0.1778846153846154 0.11057692307692307
0 0.6622596153846154 0.7752403846153846 0.15625 0.0985576923076923
0 0.8076923076923077 0.7836538461538461 0.1346153846153846 0.11298076923076923
1 0.17668269230769232 0.11658653846153846 0.16105769230769232 0.0889423076923077
0 0.3245192307692308 0.12740384615384615 0.17067307692307693 0.14423076923076922
0 0.7067307692307693 0.16105769230769232 0.14182692307692307 0.11057692307692307
0 0.8689903846153846 0.17427884615384615 0.16346153846153846 0.09134615384615384