0 0.6466346153846154 0.20552884615384615 0.17548076923076922 0.12740384615384615
1 0.12259615384615384 0.2956730769230769 0.1658653846153846 0.11538461538461539
1 0.8064903846153846 0.18990384615384615 0.17307692307692307 0.12259615384615384
1 0.2848557692307692 0.2800480769230769 0.15625 0.1346153846153846
0 0.14182692307692307 0.36899038461538464 0.16826923076923078 0.14423076923076922
0 0.3088942307692308 0.36658653846153844 0.16346153846153846 0.1466346153846154
0 0.8064903846153846 0.2932692307692308 0.15384615384615385 0.11778846153846154
1 0.6490384615384616 0.3293269230769231 0.17067307692307693 0.11057692307692307
0 0.09495192307692307 0.0985576923076923 0.1875 0.10576923076923077
0 0.765625 0.025240384615384616 0.15625 0.05048076923076923
1 0.6033653846153846 0.040865384615384616 0.1778846153846154 0.08173076923076923
1 0.32211538461538464 0.4639423076923077 0.1658653846153846 0.12980769230769232
0 0.1466346153846154 0.49278846153846156 0.18269230769230768 0.12740384615384615
0 0.8377403846153846 0.39302884615384615 0.15625 0.10096153846153846
1 0.6598557692307693 0.42788461538461536 0.18269230769230768 0.125
0 0.25721153846153844 0.08052884615384616 0.16826923076923078 0.1201923076923077
0 0.3269230769230769 0.5504807692307693 0.18269230769230768 0.17067307692307693
0 0.6706730769230769 0.5132211538461539 0.1658653846153846 0.12980769230769232
1 0.16706730769230768 0.5997596153846154 0.17307692307692307 0.10817307692307693
0 0.8377403846153846 0.5084134615384616 0.16346153846153846 0.11298076923076923
1 0.18509615384615385 0.6995192307692307 0.17067307692307693 0.10817307692307693
0 0.7007211538461539 0.6189903846153846 0.16826923076923078 0.1346153846153846
0 0.35336538461538464 0.6899038461538461 0.16346153846153846 0.125
0 0.8569711538461539 0.6165865384615384 0.15144230769230768 0.10817307692307693
0 0.19591346153846154 0.7800480769230769 0.17067307692307693 0.15144230769230768
0 0.3641826923076923 0.7632211538461539 0.18509615384615385 0.12740384615384615
0 0.7163461538461539 0.7355769230769231 0.1658653846153846 0.11298076923076923
0 0.859375 0.7127403846153846 0.14423076923076922 0.125
1 0.1045673076923077 0.19110576923076922 0.16826923076923078 0.10576923076923077
0 0.2512019230769231 0.171875 0.18269230769230768 0.16105769230769232
0 0.6322115384615384 0.125 0.15144230769230768 0.125
0 0.7932692307692307 0.1045673076923077 0.17067307692307693 0.10817307692307693