0 0.6862980769230769 0.2283653846153846 0.16346153846153846 0.10576923076923077
1 0.15384615384615385 0.24519230769230768 0.15625 0.09615384615384616
1 0.8461538461538461 0.23557692307692307 0.16105769230769232 0.10096153846153846
1 0.3173076923076923 0.25240384615384615 0.14182692307692307 0.11538461538461539
0 0.16346153846153846 0.32091346153846156 0.15144230769230768 0.125
0 0.3293269230769231 0.3401442307692308 0.14903846153846154 0.12740384615384615
0 0.8329326923076923 0.33774038461538464 0.14182692307692307 0.0985576923076923
1 0.671875 0.35096153846153844 0.16105769230769232 0.09134615384615384
0 0.15384615384615385 0.04567307692307692 0.18028846153846154 0.08173076923076923
0 0.8329326923076923 0.042067307692307696 0.1466346153846154 0.08413461538461539
1 0.6682692307692307 0.04447115384615385 0.16826923076923078 0.0889423076923077
1 0.3293269230769231 0.4387019230769231 0.15144230769230768 0.11057692307692307
0 0.15144230769230768 0.44350961538461536 0.17067307692307693 0.10336538461538461
0 0.8485576923076923 0.4411057692307692 0.14903846153846154 0.08173076923076923
1 0.6682692307692307 0.4519230769230769 0.17067307692307693 0.10336538461538461
0 0.3173076923076923 0.051682692307692304 0.15625 0.0985576923076923
0 0.32091346153846156 0.5264423076923077 0.16346153846153846 0.15144230769230768
0 0.6682692307692307 0.5372596153846154 0.15384615384615385 0.11057692307692307
1 0.15625 0.5528846153846154 0.16346153846153846 0.08653846153846154
0 0.8329326923076923 0.5552884615384616 0.15384615384615385 0.09375
1 0.15985576923076922 0.6538461538461539 0.16105769230769232 0.08653846153846154
0 0.6814903846153846 0.6454326923076923 0.15384615384615385 0.11538461538461539
0 0.328125 0.6682692307692307 0.15144230769230768 0.10576923076923077
0 0.8365384615384616 0.6646634615384616 0.14182692307692307 0.09134615384615384
0 0.15985576923076922 0.7355769230769231 0.15384615384615385 0.13221153846153846
0 0.328125 0.7427884615384616 0.17307692307692307 0.10576923076923077
0 0.6814903846153846 0.7632211538461539 0.15384615384615385 0.09375
0 0.8269230769230769 0.7608173076923077 0.12980769230769232 0.10817307692307693
1 0.15144230769230768 0.13942307692307693 0.15865384615384615 0.08413461538461539
0 0.29927884615384615 0.140625 0.1658653846153846 0.13942307692307693
0 0.6826923076923077 0.1466346153846154 0.13701923076923078 0.10576923076923077
0 0.8449519230769231 0.14903846153846154 0.16105769230769232 0.08653846153846154