0 0.30408653846153844 0.23557692307692307 0.16346153846153846 0.10576923076923077
1 0.8365384615384616 0.23317307692307693 0.15625 0.09615384615384616
1 0.14423076923076922 0.24759615384615385 0.16105769230769232 0.10096153846153846
1 0.6730769230769231 0.24519230769230768 0.14182692307692307 0.11538461538461539
0 0.8293269230769231 0.3088942307692308 0.15144230769230768 0.125
0 0.6658653846153846 0.33533653846153844 0.14903846153846154 0.12740384615384615
0 0.1622596153846154 0.34975961538461536 0.14182692307692307 0.0985576923076923
1 0.3233173076923077 0.3581730769230769 0.16105769230769232 0.09134615384615384
0 0.8293269230769231 0.038461538461538464 0.18269230769230768 0.07692307692307693
0 0.1502403846153846 0.04927884615384615 0.14423076923076922 0.0889423076923077
1 0.3161057692307692 0.04807692307692308 0.1658653846153846 0.09134615384615384
1 0.6682692307692307 0.4338942307692308 0.15144230769230768 0.11057692307692307
0 0.8461538461538461 0.43149038461538464 0.17067307692307693 0.10336538461538461
0 0.14903846153846154 0.453125 0.14903846153846154 0.08173076923076923
1 0.3293269230769231 0.4567307692307692 0.17067307692307693 0.10336538461538461
0 0.6658653846153846 0.04807692307692308 0.15865384615384615 0.09615384615384616
0 0.6790865384615384 0.5192307692307693 0.16346153846153846 0.15144230769230768
0 0.33413461538461536 0.5420673076923077 0.15384615384615385 0.11057692307692307
1 0.8461538461538461 0.5408653846153846 0.16346153846153846 0.08653846153846154
0 0.16947115384615385 0.5673076923076923 0.15384615384615385 0.09375
1 0.8449519230769231 0.6418269230769231 0.16105769230769232 0.08653846153846154
0 0.3233173076923077 0.6526442307692307 0.15384615384615385 0.11538461538461539
0 0.6766826923076923 0.6610576923076923 0.15144230769230768 0.10576923076923077
0 0.16947115384615385 0.6766826923076923 0.14182692307692307 0.09134615384615384
0 0.8473557692307693 0.7235576923076923 0.15384615384615385 0.13221153846153846
0 0.6790865384615384 0.7355769230769231 0.17307692307692307 0.10576923076923077
0 0.328125 0.7704326923076923 0.15384615384615385 0.09375
0 0.18269230769230768 0.7728365384615384 0.12980769230769232 0.10817307692307693
1 0.8365384615384616 0.12740384615384615 0.15865384615384615 0.08413461538461539
0 0.6887019230769231 0.13341346153846154 0.1658653846153846 0.13942307692307693
0 0.30528846153846156 0.15384615384615385 0.13701923076923078 0.10576923076923077
0 0.14302884615384615 0.16105769230769232 0.16105769230769232 0.08653846153846154