0 0.7223557692307693 0.30408653846153844 0.17067307692307693 0.4182692307692308
0 0.09495192307692307 0.24278846153846154 0.1346153846153846 0.3629807692307692
1 0.9362980769230769 0.36177884615384615 0.12259615384615384 0.3918269230769231
1 0.3629807692307692 0.28846153846153844 0.1658653846153846 0.3629807692307692
1 0.5949519230769231 0.31850961538461536 0.16346153846153846 0.37259615384615385
1 0.8401442307692307 0.35216346153846156 0.14423076923076922 0.3798076923076923
1 0.48677884615384615 0.3137019230769231 0.15384615384615385 0.34615384615384615
0 0.20072115384615385 0.4375 0.20192307692307693 0.59375
1 0.07091346153846154 0.6322115384615384 0.14182692307692307 0.36538461538461536
1 0.3137019230769231 0.6730769230769231 0.14903846153846154 0.36538461538461536
1 0.6742788461538461 0.71875 0.14903846153846154 0.37740384615384615
0 0.9098557692307693 0.7487980769230769 0.16826923076923078 0.3894230769230769
0 0.42427884615384615 0.6959134615384616 0.14423076923076922 0.41346153846153844
0 0.5492788461538461 0.7295673076923077 0.15144230769230768 0.3701923076923077
0 0.8028846153846154 0.7632211538461539 0.16105769230769232 0.37740384615384615