0 0.3401442307692308 0.2512019230769231 0.18269230769230768 0.4206730769230769
0 0.9423076923076923 0.36538461538461536 0.11057692307692307 0.36538461538461536
1 0.09975961538461539 0.2403846153846154 0.17307692307692307 0.3918269230769231
1 0.6911057692307693 0.33413461538461536 0.1778846153846154 0.36538461538461536
1 0.45913461538461536 0.3004807692307692 0.17548076923076922 0.375
1 0.21394230769230768 0.26322115384615385 0.15625 0.38221153846153844
1 0.5637019230769231 0.32572115384615385 0.16346153846153846 0.3485576923076923
0 0.8040865384615384 0.5228365384615384 0.22115384615384615 0.5961538461538461
1 0.8786057692307693 0.7451923076923077 0.15625 0.36538461538461536
1 0.6310096153846154 0.7175480769230769 0.16105769230769232 0.36778846153846156
1 0.27283653846153844 0.6622596153846154 0.16105769230769232 0.3798076923076923
0 0.06490384615384616 0.6274038461538461 0.12980769230769232 0.3942307692307692
0 0.5192307692307693 0.7103365384615384 0.15865384615384615 0.41586538461538464
0 0.3894230769230769 0.7079326923076923 0.16346153846153846 0.37259615384615385
0 0.13581730769230768 0.6694711538461539 0.17307692307692307 0.3798076923076923