0 0.47596153846153844 0.3629807692307692 0.18269230769230768 0.1875
0 0.8293269230769231 0.7800480769230769 0.1201923076923077 0.3269230769230769
0 0.1875 0.8209134615384616 0.11057692307692307 0.28846153846153844
0 0.49399038461538464 0.8064903846153846 0.09134615384615384 0.2860576923076923
0 0.9314903846153846 0.7860576923076923 0.11298076923076923 0.3004807692307692
0 0.2920673076923077 0.8209134615384616 0.1201923076923077 0.3004807692307692
0 0.078125 0.8341346153846154 0.11057692307692307 0.32211538461538464
0 0.39302884615384615 0.8233173076923077 0.08653846153846154 0.30528846153846156
0 0.7127403846153846 0.8064903846153846 0.0985576923076923 0.2620192307692308
0 0.6153846153846154 0.8173076923076923 0.09134615384615384 0.27163461538461536
0 0.5889423076923077 0.13221153846153846 0.11298076923076923 0.22596153846153846
0 0.38341346153846156 0.15144230769230768 0.10336538461538461 0.2403846153846154
1 0.47596153846153844 0.14783653846153846 0.11778846153846154 0.27163461538461536
0 0.7007211538461539 0.13701923076923078 0.08173076923076923 0.23798076923076922
0 0.7848557692307693 0.13701923076923078 0.09375 0.2620192307692308
0 0.9074519230769231 0.140625 0.10817307692307693 0.28125
0 0.1502403846153846 0.18028846153846154 0.11298076923076923 0.25
0 0.2692307692307692 0.18028846153846154 0.09615384615384616 0.27163461538461536
0 0.0625 0.20552884615384615 0.08653846153846154 0.2644230769230769