0 0.5456730769230769 0.36778846153846156 0.20673076923076922 0.21153846153846154
0 0.1310096153846154 0.7247596153846154 0.16826923076923078 0.33653846153846156
0 0.7584134615384616 0.8569711538461539 0.15625 0.28125
0 0.4579326923076923 0.8028846153846154 0.1346153846153846 0.2932692307692308
0 0.054086538461538464 0.7139423076923077 0.10817307692307693 0.3125
0 0.6550480769230769 0.8461538461538461 0.1658653846153846 0.30288461538461536
0 0.8641826923076923 0.8641826923076923 0.16105769230769232 0.2668269230769231
0 0.5552884615384616 0.8365384615384616 0.12980769230769232 0.31009615384615385
0 0.24278846153846154 0.7692307692307693 0.13701923076923078 0.2692307692307692
0 0.33653846153846156 0.7956730769230769 0.12980769230769232 0.27884615384615385
0 0.4699519230769231 0.12259615384615384 0.1466346153846154 0.23798076923076922
0 0.6706730769230769 0.17307692307692307 0.13701923076923078 0.25
1 0.5793269230769231 0.15504807692307693 0.15625 0.28125
0 0.359375 0.11658653846153846 0.11778846153846154 0.23317307692307693
0 0.2764423076923077 0.11658653846153846 0.1346153846153846 0.23317307692307693
0 0.15504807692307693 0.1141826923076923 0.15144230769230768 0.2283653846153846
0 0.8954326923076923 0.23918269230769232 0.14903846153846154 0.2620192307692308
0 0.7776442307692307 0.21995192307692307 0.1346153846153846 0.27884615384615385
0 0.9567307692307693 0.27884615384615385 0.08173076923076923 0.27403846153846156