0 0.5168269230769231 0.36177884615384615 0.17427884615384615 0.17908653846153846
0 0.18629807692307693 0.796875 0.10336538461538461 0.32091346153846156
0 0.8293269230769231 0.8040865384615384 0.09615384615384616 0.2848557692307692
0 0.5216346153846154 0.8052884615384616 0.07692307692307693 0.2824519230769231
0 0.08413461538461539 0.8076923076923077 0.09735576923076923 0.2956730769230769
0 0.7247596153846154 0.8100961538461539 0.1045673076923077 0.2956730769230769
0 0.9387019230769231 0.8112980769230769 0.09495192307692307 0.3173076923076923
0 0.6237980769230769 0.8173076923076923 0.06971153846153846 0.3016826923076923
0 0.30408653846153844 0.8173076923076923 0.08533653846153846 0.25721153846153844
0 0.4014423076923077 0.8233173076923077 0.07692307692307693 0.26802884615384615
0 0.3918269230769231 0.13701923076923078 0.10216346153846154 0.22115384615384615
0 0.5985576923076923 0.14543269230769232 0.09014423076923077 0.23677884615384615
1 0.5060096153846154 0.1466346153846154 0.10336538461538461 0.265625
0 0.2800480769230769 0.14783653846153846 0.06850961538461539 0.23557692307692307
0 0.1971153846153846 0.15264423076923078 0.07932692307692307 0.25841346153846156
0 0.07451923076923077 0.15625 0.09134615384615384 0.28725961538461536
0 0.8329326923076923 0.1622596153846154 0.10096153846153846 0.24519230769230768
0 0.7139423076923077 0.16826923076923078 0.08173076923076923 0.26802884615384615
0 0.921875 0.18269230769230768 0.0733173076923077 0.2620192307692308