0 0.5144230769230769 0.36177884615384615 0.2091346153846154 0.21394230769230768
0 0.7379807692307693 0.8449519230769231 0.17307692307692307 0.31009615384615385
0 0.11057692307692307 0.7223557692307693 0.15865384615384615 0.2980769230769231
0 0.4098557692307692 0.7920673076923077 0.13942307692307693 0.2932692307692308
0 0.8353365384615384 0.8689903846153846 0.16105769230769232 0.2620192307692308
0 0.21153846153846154 0.7512019230769231 0.16826923076923078 0.3125
0 0.042067307692307696 0.7043269230769231 0.08413461538461539 0.3317307692307692
0 0.3076923076923077 0.78125 0.1346153846153846 0.31009615384615385
0 0.6189903846153846 0.8533653846153846 0.14182692307692307 0.2692307692307692
0 0.5228365384615384 0.8377403846153846 0.1346153846153846 0.27884615384615385
0 0.6875 0.17067307692307693 0.14903846153846154 0.23798076923076922
0 0.4831730769230769 0.13221153846153846 0.14182692307692307 0.25
1 0.5733173076923077 0.15384615384615385 0.16105769230769232 0.28125
0 0.7932692307692307 0.20673076923076922 0.1201923076923077 0.24519230769230768
0 0.8737980769230769 0.22956730769230768 0.1346153846153846 0.2692307692307692
0 0.9567307692307693 0.2608173076923077 0.08653846153846154 0.3004807692307692
0 0.25 0.11298076923076923 0.15384615384615385 0.22596153846153846
0 0.36538461538461536 0.13341346153846154 0.13942307692307693 0.2668269230769231
0 0.15865384615384615 0.11538461538461539 0.12980769230769232 0.23076923076923078