0 0.5072115384615384 0.3605769230769231 0.20192307692307693 0.20673076923076922
0 0.7584134615384616 0.8389423076923077 0.16105769230769232 0.3173076923076923
0 0.12259615384615384 0.7427884615384616 0.14423076923076922 0.2980769230769231
0 0.4254807692307692 0.796875 0.125 0.29086538461538464
0 0.8557692307692307 0.859375 0.14903846153846154 0.2764423076923077
0 0.2247596153846154 0.7668269230769231 0.15384615384615385 0.31009615384615385
0 0.04567307692307692 0.7307692307692307 0.09134615384615384 0.3317307692307692
0 0.3233173076923077 0.7908653846153846 0.1201923076923077 0.31009615384615385
0 0.6382211538461539 0.8461538461538461 0.12980769230769232 0.2692307692307692
0 0.5408653846153846 0.8353365384615384 0.12259615384615384 0.2764423076923077
0 0.6694711538461539 0.16105769230769232 0.13942307692307693 0.23557692307692307
0 0.4639423076923077 0.13341346153846154 0.12980769230769232 0.25
1 0.5552884615384616 0.15144230769230768 0.14903846153846154 0.27884615384615385
0 0.7776442307692307 0.19110576923076922 0.10817307692307693 0.24278846153846154
0 0.8581730769230769 0.21033653846153846 0.12259615384615384 0.2692307692307692
0 0.953125 0.23677884615384615 0.0889423076923077 0.3004807692307692
0 0.23076923076923078 0.1201923076923077 0.14423076923076922 0.2403846153846154
0 0.3485576923076923 0.13822115384615385 0.12980769230769232 0.2764423076923077
0 0.13942307692307693 0.12620192307692307 0.1201923076923077 0.25240384615384615