0 0.5163819095477387 0.3617162471395881 0.17448911222780564 0.17908466819221966
0 0.1860971524288107 0.7969336384439359 0.102964824120603 0.32064073226544626
0 0.8295477386934673 0.8040274599542334 0.09673366834170855 0.2844851258581234
0 0.5217252931323284 0.8051716247139589 0.07740368509212736 0.2821967963386726
0 0.08443886097152428 0.8074599542334097 0.0973031825795645 0.29592677345537743
0 0.7248743718592965 0.8095194508009154 0.10514237855946396 0.2954691075514874
0 0.9390787269681742 0.811350114416476 0.09469011725293128 0.31745995423340967
0 0.6233835845896147 0.8172997711670481 0.06966499162479067 0.3018993135011441
0 0.30467336683417084 0.8177574370709383 0.08551088777219433 0.25702517162471383
0 0.4011390284757118 0.8232494279176201 0.07743718592964823 0.2680091533180778
0 0.3917755443886097 0.137162471395881 0.10209380234505866 0.22089244851258583
0 0.5987772194304858 0.1451716247139588 0.09010050251256276 0.2369107551487414
1 0.5061474036850921 0.14684210526315788 0.1031993299832496 0.26530892448512583
0 0.2797319932998325 0.14814645308924485 0.06822445561139032 0.23553775743707095
0 0.19698492462311556 0.15249427917620137 0.07959798994974873 0.2588787185354691
0 0.07505862646566165 0.155766590389016 0.0919430485762144 0.2877574370709382
0 0.8330653266331659 0.16187643020594963 0.10056951423785598 0.24466819221967961
0 0.7136683417085428 0.1682837528604119 0.08142378559463989 0.2684668192219679
0 0.9223283082077052 0.18315789473684208 0.07279731993299839 0.26160183066361553