0 0.5120192307692307 0.36177884615384615 0.20673076923076922 0.21153846153846154
0 0.7463942307692307 0.8425480769230769 0.17067307692307693 0.31009615384615385
0 0.1141826923076923 0.7295673076923077 0.15384615384615385 0.2980769230769231
0 0.41586538461538464 0.7944711538461539 0.1346153846153846 0.2932692307692308
0 0.84375 0.8641826923076923 0.15865384615384615 0.2668269230769231
0 0.21514423076923078 0.7560096153846154 0.16346153846153846 0.31009615384615385
0 0.04326923076923077 0.7139423076923077 0.08653846153846154 0.3317307692307692
0 0.3125 0.7848557692307693 0.13221153846153846 0.31009615384615385
0 0.6262019230769231 0.8509615384615384 0.13701923076923078 0.2692307692307692
0 0.5288461538461539 0.8365384615384616 0.12980769230769232 0.2764423076923077
0 0.6814903846153846 0.16706730769230768 0.14423076923076922 0.23798076923076922
0 0.47716346153846156 0.13221153846153846 0.13701923076923078 0.25
1 0.5673076923076923 0.15264423076923078 0.15625 0.28125
0 0.7884615384615384 0.20072115384615385 0.11538461538461539 0.24519230769230768
0 0.8689903846153846 0.22355769230769232 0.12980769230769232 0.2692307692307692
0 0.9555288461538461 0.25240384615384615 0.08413461538461539 0.30288461538461536
0 0.2439903846153846 0.11658653846153846 0.15144230769230768 0.23317307692307693
0 0.359375 0.13581730769230768 0.13701923076923078 0.27163461538461536
0 0.15384615384615385 0.1201923076923077 0.12980769230769232 0.2403846153846154