0 0.4807692307692308 0.36177884615384615 0.1778846153846154 0.18269230769230768
0 0.8185096153846154 0.7908653846153846 0.10817307692307693 0.32211538461538464
0 0.17548076923076922 0.8100961538461539 0.10096153846153846 0.2860576923076923
0 0.4831730769230769 0.8052884615384616 0.08173076923076923 0.28365384615384615
0 0.9206730769230769 0.8004807692307693 0.10096153846153846 0.2980769230769231
0 0.28125 0.8137019230769231 0.10817307692307693 0.2956730769230769
0 0.0673076923076923 0.8185096153846154 0.10096153846153846 0.31971153846153844
0 0.38221153846153844 0.8197115384615384 0.07451923076923077 0.30288461538461536
0 0.7019230769230769 0.8137019230769231 0.0889423076923077 0.25961538461538464
0 0.6045673076923077 0.8221153846153846 0.08173076923076923 0.2692307692307692
0 0.6021634615384616 0.1346153846153846 0.10576923076923077 0.22355769230769232
0 0.3954326923076923 0.1466346153846154 0.09375 0.23798076923076922
1 0.4879807692307692 0.1466346153846154 0.10817307692307693 0.2668269230769231
0 0.7139423076923077 0.14423076923076922 0.07211538461538461 0.23557692307692307
0 0.796875 0.14783653846153846 0.08173076923076923 0.25961538461538464
0 0.9194711538461539 0.14903846153846154 0.09615384615384616 0.28846153846153844
0 0.16105769230769232 0.16826923076923078 0.10576923076923077 0.24759615384615385
0 0.2800480769230769 0.171875 0.08653846153846154 0.2692307692307692
0 0.07211538461538461 0.18990384615384615 0.07932692307692307 0.2620192307692308