0 0.4879807692307692 0.36177884615384615 0.18028846153846154 0.18509615384615385
0 0.8028846153846154 0.8076923076923077 0.11538461538461539 0.3245192307692308
0 0.15985576923076922 0.7920673076923077 0.10576923076923077 0.28846153846153844
0 0.4675480769230769 0.8040865384615384 0.08653846153846154 0.2860576923076923
0 0.9050480769230769 0.8221153846153846 0.10817307692307693 0.2980769230769231
0 0.2644230769230769 0.8016826923076923 0.11538461538461539 0.2980769230769231
0 0.052884615384615384 0.7956730769230769 0.10576923076923077 0.32211538461538464
0 0.36538461538461536 0.8125 0.07932692307692307 0.30288461538461536
0 0.6850961538461539 0.8245192307692307 0.09375 0.25961538461538464
0 0.5877403846153846 0.8269230769230769 0.08653846153846154 0.27163461538461536
0 0.6201923076923077 0.140625 0.11057692307692307 0.22355769230769232
0 0.41346153846153844 0.14182692307692307 0.0985576923076923 0.2403846153846154
1 0.5060096153846154 0.1466346153846154 0.11298076923076923 0.2692307692307692
0 0.7319711538461539 0.15625 0.07692307692307693 0.23798076923076922
0 0.8149038461538461 0.16346153846153846 0.0889423076923077 0.2620192307692308
0 0.9375 0.171875 0.10096153846153846 0.29086538461538464
0 0.17908653846153846 0.15144230769230768 0.11057692307692307 0.24759615384615385
0 0.2980769230769231 0.16105769230769232 0.09134615384615384 0.27163461538461536
0 0.0889423076923077 0.16826923076923078 0.08173076923076923 0.2644230769230769