0 0.5216346153846154 0.3629807692307692 0.18028846153846154 0.18509615384615385
0 0.17668269230769232 0.7860576923076923 0.11538461538461539 0.3245192307692308
0 0.8185096153846154 0.8149038461538461 0.10576923076923077 0.28846153846153844
0 0.5108173076923077 0.8052884615384616 0.08653846153846154 0.2860576923076923
0 0.0733173076923077 0.7932692307692307 0.10817307692307693 0.2980769230769231
0 0.7139423076923077 0.8173076923076923 0.11538461538461539 0.2980769230769231
0 0.9278846153846154 0.8269230769230769 0.10576923076923077 0.31971153846153844
0 0.6129807692307693 0.8209134615384616 0.07932692307692307 0.30288461538461536
0 0.2932692307692308 0.8100961538461539 0.09375 0.25961538461538464
0 0.390625 0.8197115384615384 0.08653846153846154 0.27163461538461536
0 0.4050480769230769 0.13341346153846154 0.11057692307692307 0.22355769230769232
0 0.6105769230769231 0.14903846153846154 0.0985576923076923 0.2403846153846154
1 0.5180288461538461 0.1466346153846154 0.11298076923076923 0.2692307692307692
0 0.2920673076923077 0.140625 0.07692307692307693 0.23798076923076922
0 0.2091346153846154 0.14182692307692307 0.0889423076923077 0.2620192307692308
0 0.08774038461538461 0.14423076923076922 0.10336538461538461 0.28846153846153844
0 0.8449519230769231 0.17427884615384615 0.11057692307692307 0.24759615384615385
0 0.7259615384615384 0.17548076923076922 0.09134615384615384 0.27163461538461536
0 0.9326923076923077 0.1971153846153846 0.08173076923076923 0.2644230769230769