0 0.5336538461538461 0.36538461538461536 0.19471153846153846 0.19951923076923078
0 0.15264423076923078 0.7560096153846154 0.14182692307692307 0.3317307692307692
0 0.7896634615384616 0.8425480769230769 0.12980769230769232 0.2932692307692308
0 0.484375 0.8052884615384616 0.11057692307692307 0.29086538461538464
0 0.05889423076923077 0.7548076923076923 0.11778846153846154 0.3076923076923077
0 0.6850961538461539 0.8353365384615384 0.13942307692307693 0.30528846153846156
0 0.8990384615384616 0.8485576923076923 0.1346153846153846 0.2980769230769231
0 0.5841346153846154 0.8305288461538461 0.10576923076923077 0.3076923076923077
0 0.2668269230769231 0.7908653846153846 0.11538461538461539 0.2668269230769231
0 0.3629807692307692 0.8088942307692307 0.10817307692307693 0.2764423076923077
0 0.4362980769230769 0.12620192307692307 0.12740384615384615 0.23076923076923078
0 0.640625 0.15985576923076922 0.11778846153846154 0.24519230769230768
1 0.5492788461538461 0.1502403846153846 0.1346153846153846 0.2764423076923077
0 0.3245192307692308 0.12379807692307693 0.09615384615384616 0.24278846153846154
0 0.24158653846153846 0.12620192307692307 0.11298076923076923 0.25240384615384615
0 0.11899038461538461 0.12860576923076922 0.12740384615384615 0.25721153846153844
0 0.8713942307692307 0.20552884615384615 0.12980769230769232 0.2548076923076923
0 0.7524038461538461 0.1971153846153846 0.11298076923076923 0.2764423076923077
0 0.9507211538461539 0.23677884615384615 0.09375 0.27163461538461536