0 0.46634615384615385 0.36538461538461536 0.19471153846153846 0.19951923076923078
0 0.8473557692307693 0.7560096153846154 0.14182692307692307 0.3317307692307692
0 0.21033653846153846 0.8425480769230769 0.12980769230769232 0.2932692307692308
0 0.515625 0.8052884615384616 0.11057692307692307 0.29086538461538464
0 0.9423076923076923 0.7536057692307693 0.11538461538461539 0.30528846153846156
0 0.31490384615384615 0.8353365384615384 0.13942307692307693 0.30528846153846156
0 0.10216346153846154 0.8497596153846154 0.13221153846153846 0.3004807692307692
0 0.41586538461538464 0.8305288461538461 0.10576923076923077 0.3076923076923077
0 0.7331730769230769 0.7908653846153846 0.11538461538461539 0.2668269230769231
0 0.6370192307692307 0.8088942307692307 0.10817307692307693 0.2764423076923077
0 0.5637019230769231 0.12620192307692307 0.12740384615384615 0.23076923076923078
0 0.359375 0.15985576923076922 0.11778846153846154 0.24519230769230768
1 0.45072115384615385 0.1502403846153846 0.1346153846153846 0.2764423076923077
0 0.6754807692307693 0.12379807692307693 0.09615384615384616 0.24278846153846154
0 0.7572115384615384 0.125 0.11057692307692307 0.25
0 0.8798076923076923 0.12740384615384615 0.125 0.2548076923076923
0 0.12860576923076922 0.20552884615384615 0.12980769230769232 0.2548076923076923
0 0.24759615384615385 0.1971153846153846 0.11298076923076923 0.2764423076923077
0 0.046875 0.23557692307692307 0.09375 0.2692307692307692