0 0.4567307692307692 0.36778846153846156 0.20432692307692307 0.2091346153846154
0 0.8641826923076923 0.7319711538461539 0.16346153846153846 0.33413461538461536
0 0.23317307692307693 0.8557692307692307 0.14903846153846154 0.28846153846153844
0 0.5372596153846154 0.8040865384615384 0.12980769230769232 0.29086538461538464
0 0.9447115384615384 0.7211538461538461 0.11057692307692307 0.3076923076923077
0 0.3389423076923077 0.8461538461538461 0.15865384615384615 0.3076923076923077
0 0.12740384615384615 0.8617788461538461 0.15384615384615385 0.2764423076923077
0 0.4387019230769231 0.8353365384615384 0.125 0.31009615384615385
0 0.7524038461538461 0.7740384615384616 0.13221153846153846 0.2692307692307692
0 0.6586538461538461 0.7980769230769231 0.12740384615384615 0.27884615384615385
0 0.5372596153846154 0.12259615384615384 0.14182692307692307 0.23557692307692307
0 0.33533653846153844 0.17067307692307693 0.1346153846153846 0.25
1 0.4266826923076923 0.15384615384615385 0.15144230769230768 0.28125
0 0.6478365384615384 0.11658653846153846 0.11298076923076923 0.23317307692307693
0 0.7295673076923077 0.11778846153846154 0.12740384615384615 0.23557692307692307
0 0.8509615384615384 0.11538461538461539 0.14423076923076922 0.23076923076923078
0 0.10817307692307693 0.23197115384615385 0.1466346153846154 0.25961538461538464
0 0.22716346153846154 0.21514423076923078 0.13221153846153846 0.27884615384615385
0 0.04326923076923077 0.26802884615384615 0.08653846153846154 0.27163461538461536