0 0.49759615384615385 0.3605769230769231 0.1971153846153846 0.20192307692307693
0 0.23076923076923078 0.8341346153846154 0.14903846153846154 0.3269230769230769
0 0.8689903846153846 0.7548076923076923 0.1346153846153846 0.2956730769230769
0 0.5637019230769231 0.7992788461538461 0.11538461538461539 0.29086538461538464
0 0.13221153846153846 0.8533653846153846 0.13942307692307693 0.28846153846153844
0 0.765625 0.7752403846153846 0.14423076923076922 0.30528846153846156
0 0.953125 0.7487980769230769 0.0889423076923077 0.3293269230769231
0 0.6670673076923077 0.796875 0.11057692307692307 0.31009615384615385
0 0.34975961538461536 0.8413461538461539 0.1201923076923077 0.2668269230769231
0 0.44711538461538464 0.8341346153846154 0.11298076923076923 0.2764423076923077
0 0.3425480769230769 0.15504807692307693 0.13221153846153846 0.23317307692307693
0 0.5480769230769231 0.1346153846153846 0.12259615384615384 0.24759615384615385
1 0.4567307692307692 0.14903846153846154 0.13942307692307693 0.2764423076923077
0 0.23317307692307693 0.1814903846153846 0.10096153846153846 0.24278846153846154
0 0.15144230769230768 0.19831730769230768 0.11298076923076923 0.2668269230769231
0 0.04927884615384615 0.21995192307692307 0.0985576923076923 0.3004807692307692
0 0.7824519230769231 0.125 0.13701923076923078 0.25
0 0.6658653846153846 0.14182692307692307 0.11778846153846154 0.2764423076923077
0 0.8737980769230769 0.13221153846153846 0.11298076923076923 0.2644230769230769