0 0.49038461538461536 0.3605769230769231 0.20432692307692307 0.2091346153846154
0 0.24879807692307693 0.8401442307692307 0.1658653846153846 0.31490384615384615
0 0.8810096153846154 0.7355769230769231 0.14903846153846154 0.2980769230769231
0 0.5793269230769231 0.7956730769230769 0.12980769230769232 0.29086538461538464
0 0.15144230769230768 0.8617788461538461 0.15384615384615385 0.27163461538461536
0 0.7800480769230769 0.7620192307692307 0.15865384615384615 0.31009615384615385
0 0.9555288461538461 0.7235576923076923 0.08413461538461539 0.3317307692307692
0 0.6814903846153846 0.7872596153846154 0.125 0.31009615384615385
0 0.36778846153846156 0.8485576923076923 0.13221153846153846 0.2692307692307692
0 0.4651442307692308 0.8365384615384616 0.12740384615384615 0.27884615384615385
0 0.3245192307692308 0.16466346153846154 0.14182692307692307 0.23557692307692307
0 0.5288461538461539 0.13341346153846154 0.1346153846153846 0.25
1 0.4387019230769231 0.15144230769230768 0.15144230769230768 0.28125
0 0.21634615384615385 0.19591346153846154 0.11298076923076923 0.24519230769230768
0 0.13581730769230768 0.21634615384615385 0.12740384615384615 0.2692307692307692
0 0.04567307692307692 0.24519230769230768 0.09134615384615384 0.30288461538461536
0 0.7620192307692307 0.11778846153846154 0.14903846153846154 0.23557692307692307
0 0.6466346153846154 0.13701923076923078 0.1346153846153846 0.27403846153846156
0 0.8533653846153846 0.12259615384615384 0.125 0.24519230769230768