0 0.5384615384615384 0.36658653846153844 0.19951923076923078 0.20432692307692307
0 0.14423076923076922 0.7439903846153846 0.15144230769230768 0.33413461538461536
0 0.7776442307692307 0.8509615384615384 0.14182692307692307 0.2932692307692308
0 0.4735576923076923 0.8052884615384616 0.1201923076923077 0.29086538461538464
0 0.056490384615384616 0.7391826923076923 0.11298076923076923 0.31009615384615385
0 0.6730769230769231 0.8413461538461539 0.14903846153846154 0.3076923076923077
0 0.8858173076923077 0.8545673076923077 0.1466346153846154 0.2860576923076923
0 0.5721153846153846 0.8329326923076923 0.11538461538461539 0.3076923076923077
0 0.25721153846153844 0.7824519230769231 0.125 0.2668269230769231
0 0.35216346153846156 0.8040865384615384 0.11778846153846154 0.2764423076923077
0 0.4495192307692308 0.125 0.1346153846153846 0.23557692307692307
0 0.6526442307692307 0.16466346153846154 0.125 0.24759615384615385
1 0.5612980769230769 0.15144230769230768 0.14423076923076922 0.27884615384615385
0 0.3389423076923077 0.1201923076923077 0.10576923076923077 0.2403846153846154
0 0.2548076923076923 0.12259615384615384 0.1201923076923077 0.24519230769230768
0 0.13341346153846154 0.12259615384615384 0.13701923076923078 0.24519230769230768
0 0.8822115384615384 0.21875 0.13701923076923078 0.25721153846153844
0 0.7632211538461539 0.20552884615384615 0.12259615384615384 0.2764423076923077
0 0.953125 0.2536057692307692 0.0889423076923077 0.27163461538461536