0 0.9206730769230769 0.28365384615384615 0.14903846153846154 0.3485576923076923
0 0.5757211538461539 0.3137019230769231 0.11057692307692307 0.3485576923076923
0 0.46033653846153844 0.32211538461538464 0.10817307692307693 0.3245192307692308
0 0.6947115384615384 0.31971153846153844 0.10336538461538461 0.3605769230769231
0 0.23076923076923078 0.3329326923076923 0.12259615384615384 0.32211538461538464
0 0.35096153846153844 0.33413461538461536 0.11057692307692307 0.31009615384615385
0 0.8040865384615384 0.3317307692307692 0.11298076923076923 0.31971153846153844
1 0.23798076923076922 0.6766826923076923 0.10576923076923077 0.3293269230769231
1 0.5829326923076923 0.6742788461538461 0.10576923076923077 0.3245192307692308
1 0.46875 0.6766826923076923 0.10336538461538461 0.33413461538461536
1 0.35336538461538464 0.6838942307692307 0.11538461538461539 0.33413461538461536
1 0.703125 0.6875 0.10576923076923077 0.34615384615384615
1 0.9194711538461539 0.6923076923076923 0.12740384615384615 0.3581730769230769
1 0.8088942307692307 0.6947115384615384 0.10817307692307693 0.35336538461538464