0 0.9266826923076923 0.3125 0.1466346153846154 0.35096153846153844
0 0.5889423076923077 0.31971153846153844 0.1201923076923077 0.35096153846153844
0 0.4735576923076923 0.31971153846153844 0.11778846153846154 0.3269230769230769
0 0.7067307692307693 0.33413461538461536 0.11538461538461539 0.3629807692307692
0 0.24278846153846154 0.31490384615384615 0.13221153846153846 0.3269230769230769
0 0.36177884615384615 0.3245192307692308 0.12259615384615384 0.31490384615384615
0 0.8149038461538461 0.35336538461538464 0.125 0.3245192307692308
1 0.22596153846153846 0.6574519230769231 0.11778846153846154 0.3317307692307692
1 0.5697115384615384 0.6790865384615384 0.11778846153846154 0.3293269230769231
1 0.45552884615384615 0.6742788461538461 0.11538461538461539 0.33653846153846156
1 0.3401442307692308 0.6730769230769231 0.12740384615384615 0.33653846153846156
1 0.6887019230769231 0.7007211538461539 0.11778846153846154 0.35096153846153844
1 0.9050480769230769 0.7211538461538461 0.13942307692307693 0.3629807692307692
1 0.7944711538461539 0.7151442307692307 0.1201923076923077 0.3581730769230769