0 0.0733173076923077 0.35216346153846156 0.1466346153846154 0.3629807692307692
0 0.3954326923076923 0.328125 0.15144230769230768 0.3581730769230769
0 0.5108173076923077 0.3173076923076923 0.1466346153846154 0.33413461538461536
0 0.27884615384615385 0.35216346153846156 0.14423076923076922 0.36778846153846156
0 0.7403846153846154 0.2920673076923077 0.16105769230769232 0.33413461538461536
0 0.6213942307692307 0.3125 0.1466346153846154 0.31971153846153844
0 0.17427884615384615 0.38100961538461536 0.15144230769230768 0.3293269230769231
1 0.7872596153846154 0.6334134615384616 0.1466346153846154 0.3389423076923077
1 0.44591346153846156 0.6850961538461539 0.14423076923076922 0.33413461538461536
1 0.5588942307692307 0.6706730769230769 0.14182692307692307 0.34134615384615385
1 0.6742788461538461 0.6586538461538461 0.15384615384615385 0.34375
1 0.3293269230769231 0.7175480769230769 0.14903846153846154 0.3557692307692308
1 0.11538461538461539 0.7560096153846154 0.17067307692307693 0.3701923076923077
1 0.22596153846153846 0.7403846153846154 0.14903846153846154 0.3629807692307692