0 0.07451923076923077 0.36899038461538464 0.14903846153846154 0.36778846153846156
0 0.3894230769230769 0.3317307692307692 0.16105769230769232 0.3581730769230769
0 0.5048076923076923 0.3173076923076923 0.15625 0.33413461538461536
0 0.27403846153846156 0.3605769230769231 0.15625 0.3701923076923077
0 0.7331730769230769 0.2848557692307692 0.17067307692307693 0.33653846153846156
0 0.6153846153846154 0.3088942307692308 0.15865384615384615 0.32211538461538464
0 0.16947115384615385 0.3918269230769231 0.16105769230769232 0.3317307692307692
1 0.7908653846153846 0.6225961538461539 0.15625 0.3389423076923077
1 0.4519230769230769 0.6862980769230769 0.15625 0.33653846153846156
1 0.5649038461538461 0.6682692307692307 0.15384615384615385 0.34375
1 0.6790865384615384 0.6526442307692307 0.1658653846153846 0.34615384615384615
1 0.33653846153846156 0.7223557692307693 0.15865384615384615 0.3581730769230769
1 0.125 0.7692307692307693 0.18269230769230768 0.37259615384615385
1 0.234375 0.75 0.16105769230769232 0.36538461538461536