0 0.9254807692307693 0.33653846153846156 0.14423076923076922 0.3605769230769231
0 0.5985576923076923 0.3245192307692308 0.13942307692307693 0.3557692307692308
0 0.4831730769230769 0.31850961538461536 0.1346153846153846 0.3317307692307692
0 0.7151442307692307 0.3449519230769231 0.13221153846153846 0.36538461538461536
0 0.25240384615384615 0.3016826923076923 0.14903846153846154 0.3317307692307692
0 0.3713942307692308 0.3173076923076923 0.13701923076923078 0.3173076923076923
0 0.8221153846153846 0.36899038461538464 0.14182692307692307 0.3269230769230769
1 0.21754807692307693 0.6430288461538461 0.1346153846153846 0.33653846153846156
1 0.5600961538461539 0.6826923076923077 0.1346153846153846 0.3317307692307692
1 0.44711538461538464 0.671875 0.13221153846153846 0.3389423076923077
1 0.3317307692307692 0.6646634615384616 0.14423076923076922 0.34134615384615385
1 0.6778846153846154 0.7103365384615384 0.13701923076923078 0.35336538461538464
1 0.8930288461538461 0.7415865384615384 0.15865384615384615 0.36778846153846156
1 0.7824519230769231 0.7307692307692307 0.13942307692307693 0.3605769230769231