0 0.109375 0.234375 0.18990384615384615 0.3605769230769231
0 0.44711538461538464 0.30528846153846156 0.15144230769230768 0.3581730769230769
0 0.5600961538461539 0.328125 0.1466346153846154 0.33413461538461536
0 0.328125 0.296875 0.14423076923076922 0.36778846153846156
0 0.7884615384615384 0.36658653846153844 0.16105769230769232 0.33413461538461536
0 0.6682692307692307 0.35336538461538464 0.1466346153846154 0.31971153846153844
0 0.21875 0.2956730769230769 0.15144230769230768 0.3293269230769231
1 0.7391826923076923 0.7067307692307693 0.1466346153846154 0.3389423076923077
1 0.39663461538461536 0.6622596153846154 0.14423076923076922 0.33413461538461536
1 0.5096153846153846 0.6802884615384616 0.14182692307692307 0.34134615384615385
1 0.6237980769230769 0.7007211538461539 0.15384615384615385 0.34375
1 0.27524038461538464 0.6610576923076923 0.14903846153846154 0.3557692307692308
1 0.0733173076923077 0.640625 0.1466346153846154 0.37259615384615385
1 0.16947115384615385 0.6550480769230769 0.14903846153846154 0.3629807692307692