0 0.9242788461538461 0.29086538461538464 0.14302884615384615 0.3449519230769231
0 0.5793269230769231 0.31490384615384615 0.10336538461538461 0.34615384615384615
0 0.4639423076923077 0.32091346153846156 0.10216346153846154 0.32211538461538464
0 0.6983173076923077 0.3233173076923077 0.09615384615384616 0.3581730769230769
0 0.23317307692307693 0.328125 0.11658653846153846 0.32091346153846156
0 0.35336538461538464 0.3317307692307692 0.10576923076923077 0.3088942307692308
0 0.8064903846153846 0.33653846153846156 0.10817307692307693 0.31850961538461536
1 0.234375 0.671875 0.10096153846153846 0.3269230769230769
1 0.5793269230769231 0.6754807692307693 0.10096153846153846 0.3233173076923077
1 0.4651442307692308 0.6766826923076923 0.09735576923076923 0.3317307692307692
1 0.34975961538461536 0.6814903846153846 0.109375 0.3317307692307692
1 0.6995192307692307 0.6911057692307693 0.10096153846153846 0.3449519230769231
1 0.9158653846153846 0.6995192307692307 0.12139423076923077 0.35697115384615385
1 0.8052884615384616 0.6995192307692307 0.10216346153846154 0.35216346153846156