0 0.9238017429193899 0.2910307692307692 0.1433006535947712 0.3451230769230769
0 0.5790849673202615 0.31487692307692305 0.10384531590413941 0.3466615384615384
0 0.46381263616557733 0.32076923076923075 0.10205882352941183 0.3225692307692307
0 0.6988888888888889 0.32333846153846146 0.09654684095860554 0.35846153846153844
0 0.23309368191721136 0.32769230769230767 0.11629629629629631 0.3210307692307692
0 0.35308278867102394 0.3318 0.10572984749455332 0.30872307692307693
0 0.8063507625272331 0.33692307692307694 0.10812636165577341 0.31896923076923084
1 0.2347276688453159 0.6715384615384615 0.1014052287581699 0.32666153846153845
1 0.5792701525054466 0.6751230769230769 0.10057734204793027 0.32358461538461547
1 0.4649019607843137 0.676923076923077 0.09698257080610019 0.3323076923076923
1 0.34964052287581704 0.6815384615384615 0.10972766884531593 0.3312769230769231
1 0.6994335511982571 0.6910307692307692 0.10126361655773425 0.345123076923077
1 0.9161764705882353 0.6994923076923079 0.12079520697167767 0.356923076923077
1 0.8050871459694989 0.6997384615384614 0.10194989106753803 0.3523076923076922