0 0.12860576923076922 0.20673076923076922 0.21153846153846154 0.36778846153846156
0 0.46033653846153844 0.30288461538461536 0.17307692307692307 0.3605769230769231
0 0.5721153846153846 0.3317307692307692 0.1658653846153846 0.33653846153846156
0 0.3425480769230769 0.2860576923076923 0.16826923076923078 0.3701923076923077
0 0.796875 0.3870192307692308 0.18028846153846154 0.33653846153846156
0 0.6778846153846154 0.36538461538461536 0.16826923076923078 0.3245192307692308
0 0.234375 0.2764423076923077 0.17307692307692307 0.33413461538461536
1 0.7235576923076923 0.7235576923076923 0.1658653846153846 0.34134615384615385
1 0.3858173076923077 0.6550480769230769 0.1658653846153846 0.33653846153846156
1 0.49759615384615385 0.6802884615384616 0.1658653846153846 0.34375
1 0.609375 0.7091346153846154 0.17548076923076922 0.34615384615384615
1 0.265625 0.6454326923076923 0.17067307692307693 0.3581730769230769
1 0.07451923076923077 0.6081730769230769 0.14903846153846154 0.375
1 0.15985576923076922 0.6322115384615384 0.17307692307692307 0.36538461538461536