0 0.9254807692307693 0.2980769230769231 0.14423076923076922 0.35096153846153844
0 0.5829326923076923 0.3161057692307692 0.11057692307692307 0.3485576923076923
0 0.4675480769230769 0.31971153846153844 0.10817307692307693 0.3245192307692308
0 0.7019230769230769 0.3269230769230769 0.10336538461538461 0.3605769230769231
0 0.23677884615384615 0.3233173076923077 0.12259615384615384 0.32211538461538464
0 0.3557692307692308 0.3293269230769231 0.11057692307692307 0.31009615384615385
0 0.8088942307692307 0.34134615384615385 0.11298076923076923 0.31971153846153844
1 0.23197115384615385 0.6670673076923077 0.10576923076923077 0.3293269230769231
1 0.5757211538461539 0.6766826923076923 0.10576923076923077 0.3245192307692308
1 0.46153846153846156 0.6754807692307693 0.10336538461538461 0.33413461538461536
1 0.34615384615384615 0.6790865384615384 0.11538461538461539 0.33413461538461536
1 0.6959134615384616 0.6947115384615384 0.10576923076923077 0.34615384615384615
1 0.9122596153846154 0.7067307692307693 0.12740384615384615 0.3581730769230769
1 0.8016826923076923 0.7043269230769231 0.10817307692307693 0.35336538461538464