0 0.8713942307692307 0.20673076923076922 0.21153846153846154 0.36778846153846156
0 0.5396634615384616 0.30288461538461536 0.17307692307692307 0.3605769230769231
0 0.42788461538461536 0.3317307692307692 0.1658653846153846 0.33653846153846156
0 0.6574519230769231 0.2860576923076923 0.16826923076923078 0.3701923076923077
0 0.203125 0.3870192307692308 0.18028846153846154 0.3389423076923077
0 0.32211538461538464 0.36538461538461536 0.16826923076923078 0.3245192307692308
0 0.765625 0.2764423076923077 0.17307692307692307 0.33413461538461536
1 0.2764423076923077 0.7235576923076923 0.1658653846153846 0.34134615384615385
1 0.6141826923076923 0.6550480769230769 0.1658653846153846 0.33653846153846156
1 0.5024038461538461 0.6802884615384616 0.16346153846153846 0.34375
1 0.390625 0.7091346153846154 0.17548076923076922 0.34615384615384615
1 0.734375 0.6454326923076923 0.17067307692307693 0.3581730769230769
1 0.9254807692307693 0.6081730769230769 0.14903846153846154 0.375
1 0.8401442307692307 0.6322115384615384 0.17307692307692307 0.36538461538461536