0 0.9254807692307693 0.30528846153846156 0.14423076923076922 0.35096153846153844
0 0.5853365384615384 0.3173076923076923 0.11538461538461539 0.3485576923076923
0 0.4699519230769231 0.31971153846153844 0.11298076923076923 0.3245192307692308
0 0.7043269230769231 0.33052884615384615 0.10817307692307693 0.3605769230769231
0 0.23918269230769232 0.31850961538461536 0.12740384615384615 0.3245192307692308
0 0.359375 0.3269230769230769 0.11538461538461539 0.3125
0 0.8125 0.3473557692307692 0.1201923076923077 0.32211538461538464
1 0.2283653846153846 0.6622596153846154 0.11298076923076923 0.3293269230769231
1 0.5733173076923077 0.6778846153846154 0.11298076923076923 0.3269230769230769
1 0.45913461538461536 0.6754807692307693 0.10817307692307693 0.33413461538461536
1 0.34375 0.6766826923076923 0.1201923076923077 0.33653846153846156
1 0.6923076923076923 0.6983173076923077 0.11298076923076923 0.3485576923076923
1 0.9086538461538461 0.7139423076923077 0.1346153846153846 0.3605769230769231
1 0.7980769230769231 0.7103365384615384 0.11538461538461539 0.3557692307692308