0 0.7620192307692307 0.6670673076923077 0.11778846153846154 0.3317307692307692
0 0.18269230769230768 0.6478365384615384 0.12259615384615384 0.3125
1 0.6478365384615384 0.6766826923076923 0.12980769230769232 0.30288461538461536
0 0.06129807692307692 0.6526442307692307 0.11778846153846154 0.3173076923076923
0 0.29447115384615385 0.6706730769230769 0.10576923076923077 0.2980769230769231
1 0.5252403846153846 0.6838942307692307 0.11538461538461539 0.3245192307692308
0 0.4098557692307692 0.7163461538461539 0.10576923076923077 0.34615384615384615
0 0.08413461538461539 0.265625 0.125 0.32211538461538464
0 0.21875 0.28846153846153844 0.12740384615384615 0.31490384615384615
1 0.6670673076923077 0.3137019230769231 0.12259615384615384 0.31490384615384615
1 0.3137019230769231 0.2956730769230769 0.11538461538461539 0.30288461538461536
0 0.5528846153846154 0.3173076923076923 0.11778846153846154 0.30528846153846156
0 0.4326923076923077 0.31490384615384615 0.11298076923076923 0.35096153846153844
0 0.7800480769230769 0.3401442307692308 0.10576923076923077 0.2932692307692308