0 0.7704326923076923 0.6526442307692307 0.10096153846153846 0.3269230769230769
0 0.19110576923076922 0.6646634615384616 0.10576923076923077 0.3076923076923077
1 0.6574519230769231 0.6682692307692307 0.11538461538461539 0.2980769230769231
0 0.06971153846153846 0.6754807692307693 0.10096153846153846 0.3125
0 0.30408653846153844 0.6814903846153846 0.09134615384615384 0.2932692307692308
1 0.5348557692307693 0.6826923076923077 0.0985576923076923 0.32211538461538464
0 0.421875 0.7211538461538461 0.0889423076923077 0.34134615384615385
0 0.07211538461538461 0.28725961538461536 0.10817307692307693 0.3173076923076923
0 0.20793269230769232 0.30288461538461536 0.11057692307692307 0.31009615384615385
1 0.6574519230769231 0.30528846153846156 0.10576923076923077 0.31009615384615385
1 0.30288461538461536 0.30528846153846156 0.10096153846153846 0.2980769230769231
0 0.5432692307692307 0.31490384615384615 0.10336538461538461 0.2980769230769231
0 0.4230769230769231 0.31850961538461536 0.09615384615384616 0.34615384615384615
0 0.7716346153846154 0.32572115384615385 0.09134615384615384 0.28846153846153844