0 0.23798076923076922 0.6670673076923077 0.11778846153846154 0.3317307692307692
0 0.8173076923076923 0.6478365384615384 0.12259615384615384 0.31009615384615385
1 0.35216346153846156 0.6766826923076923 0.12980769230769232 0.30288461538461536
0 0.9387019230769231 0.6526442307692307 0.11778846153846154 0.3173076923076923
0 0.7055288461538461 0.6706730769230769 0.10576923076923077 0.3004807692307692
1 0.47475961538461536 0.6838942307692307 0.11538461538461539 0.3269230769230769
0 0.5901442307692307 0.7163461538461539 0.10576923076923077 0.34615384615384615
0 0.9158653846153846 0.265625 0.12259615384615384 0.31971153846153844
0 0.78125 0.28846153846153844 0.12740384615384615 0.31490384615384615
1 0.3329326923076923 0.3137019230769231 0.12259615384615384 0.3173076923076923
1 0.6862980769230769 0.2956730769230769 0.11538461538461539 0.30288461538461536
0 0.44711538461538464 0.3173076923076923 0.1201923076923077 0.30288461538461536
0 0.5673076923076923 0.31490384615384615 0.11298076923076923 0.35096153846153844
0 0.21995192307692307 0.3401442307692308 0.10576923076923077 0.2956730769230769