0 0.7824519230769231 0.6286057692307693 0.12980769230769232 0.33413461538461536
0 0.20673076923076922 0.6911057692307693 0.13221153846153846 0.31490384615384615
1 0.671875 0.6538461538461539 0.14182692307692307 0.30528846153846156
0 0.08653846153846154 0.7127403846153846 0.12740384615384615 0.31971153846153844
0 0.32091346153846156 0.6983173076923077 0.11778846153846154 0.3004807692307692
1 0.5504807692307693 0.6790865384615384 0.125 0.3293269230769231
0 0.4411057692307692 0.7271634615384616 0.11778846153846154 0.3485576923076923
0 0.06129807692307692 0.32572115384615385 0.12259615384615384 0.3245192307692308
0 0.19230769230769232 0.3293269230769231 0.13701923076923078 0.31971153846153844
1 0.6394230769230769 0.2920673076923077 0.1346153846153846 0.3173076923076923
1 0.28725961538461536 0.3233173076923077 0.125 0.30528846153846156
0 0.5264423076923077 0.3112980769230769 0.12980769230769232 0.3076923076923077
0 0.4074519230769231 0.32572115384615385 0.125 0.35336538461538464
0 0.7560096153846154 0.30288461538461536 0.11538461538461539 0.2956730769230769