0 0.21153846153846154 0.6129807692307693 0.1466346153846154 0.3389423076923077
0 0.7824519230769231 0.7055288461538461 0.1466346153846154 0.3173076923076923
1 0.32091346153846156 0.6442307692307693 0.15625 0.31009615384615385
0 0.9014423076923077 0.7331730769230769 0.14423076923076922 0.32211538461538464
0 0.6682692307692307 0.7067307692307693 0.13221153846153846 0.30528846153846156
1 0.43990384615384615 0.6754807692307693 0.14182692307692307 0.3317307692307692
0 0.546875 0.7295673076923077 0.1346153846153846 0.35096153846153844
0 0.9375 0.34975961538461536 0.1201923076923077 0.3293269230769231
0 0.8161057692307693 0.3449519230769231 0.15384615384615385 0.32211538461538464
1 0.3713942307692308 0.2848557692307692 0.14903846153846154 0.32211538461538464
1 0.7223557692307693 0.33413461538461536 0.13942307692307693 0.3076923076923077
0 0.4831730769230769 0.31009615384615385 0.14423076923076922 0.31009615384615385
0 0.6009615384615384 0.33052884615384615 0.14423076923076922 0.3557692307692308
0 0.2548076923076923 0.28966346153846156 0.12980769230769232 0.3004807692307692