0 0.7908653846153846 0.6081730769230769 0.15144230769230768 0.3389423076923077
0 0.22115384615384615 0.7115384615384616 0.15144230769230768 0.31971153846153844
1 0.6814903846153846 0.6418269230769231 0.16105769230769232 0.31009615384615385
0 0.10216346153846154 0.7403846153846154 0.14903846153846154 0.32211538461538464
0 0.33533653846153844 0.7103365384615384 0.13701923076923078 0.30528846153846156
1 0.5625 0.6754807692307693 0.1466346153846154 0.3317307692307692
0 0.4579326923076923 0.7307692307692307 0.14182692307692307 0.35336538461538464
0 0.06129807692307692 0.35697115384615385 0.12259615384615384 0.3293269230769231
0 0.18028846153846154 0.35096153846153844 0.15865384615384615 0.3245192307692308
1 0.625 0.28365384615384615 0.15384615384615385 0.32211538461538464
1 0.27524038461538464 0.3389423076923077 0.14423076923076922 0.3076923076923077
0 0.5132211538461539 0.31009615384615385 0.14903846153846154 0.3125
0 0.3954326923076923 0.3329326923076923 0.14903846153846154 0.3557692307692308
0 0.7415865384615384 0.2848557692307692 0.1346153846153846 0.3004807692307692