0 0.7728365384615384 0.6478365384615384 0.10576923076923077 0.3293269230769231
0 0.1935096153846154 0.6694711538461539 0.11057692307692307 0.3076923076923077
1 0.6598557692307693 0.6658653846153846 0.1201923076923077 0.2980769230769231
0 0.0733173076923077 0.6826923076923077 0.10576923076923077 0.3125
0 0.3076923076923077 0.6850961538461539 0.09615384615384616 0.2956730769230769
1 0.5384615384615384 0.6814903846153846 0.10336538461538461 0.32211538461538464
0 0.4254807692307692 0.7223557692307693 0.09375 0.34375
0 0.06850961538461539 0.29447115384615385 0.11298076923076923 0.3173076923076923
0 0.20432692307692307 0.3076923076923077 0.11538461538461539 0.3125
1 0.6538461538461539 0.30288461538461536 0.11298076923076923 0.3125
1 0.29927884615384615 0.3088942307692308 0.10576923076923077 0.2980769230769231
0 0.5396634615384616 0.3137019230769231 0.10817307692307693 0.3004807692307692
0 0.41947115384615385 0.31971153846153844 0.10336538461538461 0.3485576923076923
0 0.7680288461538461 0.32091346153846156 0.09615384615384616 0.29086538461538464