0 0.2439903846153846 0.6754807692307693 0.12980769230769232 0.33413461538461536
0 0.8221153846153846 0.6370192307692307 0.13221153846153846 0.31490384615384615
1 0.3581730769230769 0.6814903846153846 0.14182692307692307 0.30528846153846156
0 0.9387019230769231 0.6370192307692307 0.11778846153846154 0.32211538461538464
0 0.7115384615384616 0.6634615384615384 0.11778846153846154 0.30288461538461536
1 0.4807692307692308 0.6850961538461539 0.12740384615384615 0.3293269230769231
0 0.5973557692307693 0.7139423076923077 0.11778846153846154 0.3485576923076923
0 0.9074519230769231 0.2512019230769231 0.1346153846153846 0.3245192307692308
0 0.7740384615384616 0.2776442307692308 0.13701923076923078 0.3173076923076923
1 0.32572115384615385 0.31971153846153844 0.1346153846153846 0.31971153846153844
1 0.6790865384615384 0.28846153846153844 0.125 0.30528846153846156
0 0.4411057692307692 0.31971153846153844 0.12980769230769232 0.3076923076923077
0 0.5612980769230769 0.3125 0.125 0.35336538461538464
0 0.21394230769230768 0.34975961538461536 0.11538461538461539 0.2980769230769231