0 0.22922839506172837 0.6527777777777778 0.10058641975308644 0.327175925925926
0 0.8083950617283951 0.6651388888888888 0.1060185185185186 0.306574074074074
1 0.34274691358024684 0.6681944444444445 0.11493827160493826 0.2962962962962963
0 0.9308024691358024 0.6756481481481481 0.10126543209876561 0.31120370370370376
0 0.6955864197530864 0.6815740740740741 0.09157407407407413 0.2942592592592593
1 0.46478395061728395 0.6828703703703703 0.09845679012345672 0.320462962962963
0 0.5781172839506173 0.720925925925926 0.08845679012345686 0.34310185185185194
0 0.9273765432098766 0.2873148148148148 0.1081172839506172 0.3163425925925925
0 0.7926234567901235 0.30296296296296293 0.11012345679012339 0.3106944444444445
1 0.34237654320987654 0.3050462962962963 0.10740740740740744 0.3106944444444444
1 0.6970987654320988 0.30583333333333335 0.10009259259259261 0.2968055555555556
0 0.45691358024691353 0.3148148148148148 0.1032407407407407 0.29939814814814825
0 0.5769135802469135 0.3179166666666667 0.09635802469135793 0.34671296296296306
0 0.22820987654320987 0.32560185185185186 0.09166666666666666 0.2901388888888889