0 0.25721153846153844 0.6935096153846154 0.15144230769230768 0.3389423076923077
0 0.8305288461538461 0.6141826923076923 0.15144230769230768 0.31971153846153844
1 0.3713942307692308 0.6911057692307693 0.16105769230769232 0.3125
0 0.9375 0.6057692307692307 0.1201923076923077 0.3269230769230769
0 0.7223557692307693 0.6490384615384616 0.13701923076923078 0.30528846153846156
1 0.49399038461538464 0.6862980769230769 0.1466346153846154 0.33413461538461536
0 0.6117788461538461 0.7067307692307693 0.14182692307692307 0.35096153846153844
0 0.8894230769230769 0.22235576923076922 0.15384615384615385 0.3293269230769231
0 0.7572115384615384 0.25961538461538464 0.15865384615384615 0.32211538461538464
1 0.3137019230769231 0.3317307692307692 0.15384615384615385 0.3245192307692308
1 0.6646634615384616 0.2764423076923077 0.1466346153846154 0.31009615384615385
0 0.42788461538461536 0.3245192307692308 0.14903846153846154 0.3125
0 0.5480769230769231 0.3088942307692308 0.14903846153846154 0.3557692307692308
0 0.20432692307692307 0.3701923076923077 0.1346153846153846 0.3004807692307692