0 0.20552884615384615 0.5985576923076923 0.16105769230769232 0.34134615384615385
0 0.7716346153846154 0.7211538461538461 0.16346153846153846 0.32211538461538464
1 0.3137019230769231 0.6346153846153846 0.17067307692307693 0.3125
0 0.8894230769230769 0.7548076923076923 0.15865384615384615 0.3245192307692308
0 0.6574519230769231 0.7151442307692307 0.1466346153846154 0.3076923076923077
1 0.43149038461538464 0.6730769230769231 0.15865384615384615 0.33413461538461536
0 0.5348557692307693 0.7319711538461539 0.15384615384615385 0.35336538461538464
0 0.9375 0.3737980769230769 0.1201923076923077 0.33413461538461536
0 0.8245192307692307 0.36177884615384615 0.16826923076923078 0.3245192307692308
1 0.38221153846153844 0.27884615384615385 0.16346153846153846 0.3245192307692308
1 0.7307692307692307 0.34615384615384615 0.15384615384615385 0.31009615384615385
0 0.49278846153846156 0.31009615384615385 0.15865384615384615 0.3125
0 0.6105769230769231 0.33653846153846156 0.16105769230769232 0.3581730769230769
0 0.2668269230769231 0.2776442307692308 0.14423076923076922 0.30288461538461536