0 0.7331730769230769 0.7055288461538461 0.1658653846153846 0.34134615384615385
0 0.16346153846153846 0.5973557692307693 0.16826923076923078 0.32211538461538464
1 0.6189903846153846 0.6971153846153846 0.17548076923076922 0.31490384615384615
0 0.0625 0.5817307692307693 0.125 0.3269230769230769
0 0.2704326923076923 0.6370192307692307 0.15144230769230768 0.3076923076923077
1 0.4963942307692308 0.6862980769230769 0.16346153846153846 0.33413461538461536
0 0.37740384615384615 0.6995192307692307 0.15865384615384615 0.35336538461538464
0 0.12620192307692307 0.203125 0.17067307692307693 0.3317307692307692
0 0.2548076923076923 0.24639423076923078 0.17307692307692307 0.3269230769230769
1 0.6947115384615384 0.3425480769230769 0.16826923076923078 0.3245192307692308
1 0.3473557692307692 0.26802884615384615 0.15865384615384615 0.31009615384615385
0 0.5805288461538461 0.328125 0.16346153846153846 0.31490384615384615
0 0.46274038461538464 0.30649038461538464 0.1658653846153846 0.3581730769230769
0 0.8016826923076923 0.3858173076923077 0.14903846153846154 0.30288461538461536