0 0.23557692307692307 0.6622596153846154 0.11298076923076923 0.3293269230769231
0 0.8149038461538461 0.6538461538461539 0.11538461538461539 0.31009615384615385
1 0.3485576923076923 0.6730769230769231 0.125 0.3004807692307692
0 0.9362980769230769 0.6598557692307693 0.11057692307692307 0.31490384615384615
0 0.7019230769230769 0.6742788461538461 0.10096153846153846 0.2980769230769231
1 0.47115384615384615 0.6838942307692307 0.11057692307692307 0.3245192307692308
0 0.5853365384615384 0.71875 0.10096153846153846 0.34615384615384615
0 0.9206730769230769 0.27283653846153844 0.1201923076923077 0.31971153846153844
0 0.7848557692307693 0.2932692307692308 0.1201923076923077 0.31490384615384615
1 0.33533653846153844 0.3112980769230769 0.11778846153846154 0.3125
1 0.6899038461538461 0.2980769230769231 0.11057692307692307 0.3004807692307692
0 0.45072115384615385 0.3161057692307692 0.11298076923076923 0.30288461538461536
0 0.5709134615384616 0.3161057692307692 0.10817307692307693 0.3485576923076923
0 0.22235576923076922 0.33533653846153844 0.10096153846153846 0.2932692307692308