0 0.22956730769230768 0.6526442307692307 0.10096153846153846 0.3269230769230769
0 0.8088942307692307 0.6646634615384616 0.10576923076923077 0.30649038461538464
1 0.3425480769230769 0.6682692307692307 0.11538461538461539 0.296875
0 0.9302884615384616 0.6754807692307693 0.10096153846153846 0.3112980769230769
0 0.6959134615384616 0.6814903846153846 0.09134615384615384 0.29447115384615385
1 0.4651442307692308 0.6826923076923077 0.0985576923076923 0.32091346153846156
0 0.578125 0.7211538461538461 0.0889423076923077 0.3425480769230769
0 0.9278846153846154 0.28725961538461536 0.10817307692307693 0.3161057692307692
0 0.7920673076923077 0.30288461538461536 0.11057692307692307 0.31009615384615385
1 0.3425480769230769 0.30528846153846156 0.10697115384615384 0.31009615384615385
1 0.6971153846153846 0.30528846153846156 0.09975961538461539 0.296875
0 0.4567307692307692 0.31490384615384615 0.10336538461538461 0.29927884615384615
0 0.5769230769230769 0.31850961538461536 0.09615384615384616 0.34615384615384615
0 0.2283653846153846 0.32572115384615385 0.09134615384615384 0.28966346153846156