0 0.20673076923076922 0.6033653846153846 0.15625 0.3389423076923077
0 0.7752403846153846 0.7163461538461539 0.15625 0.31971153846153844
1 0.3161057692307692 0.6382211538461539 0.1658653846153846 0.3125
0 0.8930288461538461 0.7475961538461539 0.15384615384615385 0.3245192307692308
0 0.6610576923076923 0.7127403846153846 0.14182692307692307 0.30528846153846156
1 0.4338942307692308 0.6742788461538461 0.15384615384615385 0.33413461538461536
0 0.5384615384615384 0.7307692307692307 0.1466346153846154 0.35336538461538464
0 0.9375 0.36538461538461536 0.1201923076923077 0.3317307692307692
0 0.8221153846153846 0.35697115384615385 0.16346153846153846 0.3245192307692308
1 0.3786057692307692 0.28125 0.15865384615384615 0.3245192307692308
1 0.7283653846153846 0.3425480769230769 0.14903846153846154 0.31009615384615385
0 0.4891826923076923 0.31009615384615385 0.15384615384615385 0.3125
0 0.6069711538461539 0.33413461538461536 0.15384615384615385 0.3581730769230769
0 0.26322115384615385 0.28125 0.13942307692307693 0.3004807692307692