1 0.84375 0.6550480769230769 0.08173076923076923 0.28125
1 0.28125 0.6658653846153846 0.07692307692307693 0.2932692307692308
1 0.7512019230769231 0.6586538461538461 0.07451923076923077 0.28846153846153844
1 0.09134615384615384 0.6706730769230769 0.09134615384615384 0.32211538461538464
1 0.9326923076923077 0.6658653846153846 0.06971153846153846 0.25240384615384615
1 0.1875 0.6875 0.07692307692307693 0.2860576923076923
1 0.47115384615384615 0.6826923076923077 0.08653846153846154 0.31490384615384615
0 0.375 0.6887019230769231 0.06490384615384616 0.28846153846153844
1 0.6538461538461539 0.6838942307692307 0.07692307692307693 0.28846153846153844
0 0.5625 0.6923076923076923 0.06009615384615385 0.3173076923076923
0 0.640625 0.23677884615384615 0.06971153846153846 0.28846153846153844
0 0.7403846153846154 0.23918269230769232 0.057692307692307696 0.27163461538461536
0 0.36177884615384615 0.25721153846153844 0.06490384615384616 0.3317307692307692
1 0.9254807692307693 0.2512019230769231 0.0673076923076923 0.25961538461538464
0 0.8293269230769231 0.2536057692307692 0.055288461538461536 0.28846153846153844
0 0.5540865384615384 0.25841346153846156 0.0625 0.3293269230769231
0 0.2668269230769231 0.26322115384615385 0.08173076923076923 0.3076923076923077
0 0.1778846153846154 0.27403846153846156 0.0889423076923077 0.28365384615384615
1 0.08774038461538461 0.2848557692307692 0.07211538461538461 0.3004807692307692
1 0.46153846153846156 0.29086538461538464 0.06971153846153846 0.2620192307692308