1 0.8004807692307693 0.7283653846153846 0.13221153846153846 0.28846153846153844
1 0.25 0.6129807692307693 0.12980769230769232 0.3004807692307692
1 0.7091346153846154 0.7115384615384616 0.12740384615384615 0.2956730769230769
1 0.06971153846153846 0.5745192307692307 0.13942307692307693 0.3317307692307692
1 0.8846153846153846 0.7584134615384616 0.11538461538461539 0.25961538461538464
1 0.15264423076923078 0.6117788461538461 0.12980769230769232 0.2956730769230769
1 0.43028846153846156 0.671875 0.14423076923076922 0.32211538461538464
0 0.33533653846153844 0.6550480769230769 0.11778846153846154 0.2932692307692308
1 0.6081730769230769 0.7139423076923077 0.12980769230769232 0.2956730769230769
0 0.5168269230769231 0.7019230769230769 0.1201923076923077 0.32211538461538464
0 0.6959134615384616 0.27524038461538464 0.12259615384615384 0.2956730769230769
0 0.7932692307692307 0.3004807692307692 0.10817307692307693 0.2764423076923077
0 0.4206730769230769 0.23197115384615385 0.12740384615384615 0.33653846153846156
1 0.9555288461538461 0.35336538461538464 0.08413461538461539 0.2692307692307692
0 0.8774038461538461 0.33413461538461536 0.10817307692307693 0.29086538461538464
0 0.6069711538461539 0.2764423076923077 0.12259615384615384 0.33413461538461536
0 0.32572115384615385 0.21754807692307693 0.13701923076923078 0.31490384615384615
0 0.23677884615384615 0.20673076923076922 0.13942307692307693 0.2932692307692308
1 0.1466346153846154 0.1971153846153846 0.12740384615384615 0.30528846153846156
1 0.5096153846153846 0.28725961538461536 0.11778846153846154 0.2692307692307692