1 0.203125 0.7331730769230769 0.13701923076923078 0.28846153846153844
1 0.7524038461538461 0.6081730769230769 0.1346153846153846 0.30288461538461536
1 0.29447115384615385 0.7151442307692307 0.13221153846153846 0.2956730769230769
1 0.9278846153846154 0.5685096153846154 0.13942307692307693 0.33413461538461536
1 0.1201923076923077 0.765625 0.1201923076923077 0.25961538461538464
1 0.8485576923076923 0.6057692307692307 0.1346153846153846 0.2956730769230769
1 0.5733173076923077 0.6706730769230769 0.14903846153846154 0.32211538461538464
0 0.6670673076923077 0.6526442307692307 0.12259615384615384 0.2932692307692308
1 0.3954326923076923 0.7151442307692307 0.1346153846153846 0.2956730769230769
0 0.4855769230769231 0.7019230769230769 0.125 0.32211538461538464
0 0.29927884615384615 0.27884615384615385 0.12740384615384615 0.2956730769230769
0 0.203125 0.30528846153846156 0.11298076923076923 0.2764423076923077
0 0.5745192307692307 0.23076923076923078 0.13221153846153846 0.33653846153846156
1 0.04447115384615385 0.3629807692307692 0.0889423076923077 0.2692307692307692
0 0.1201923076923077 0.34134615384615385 0.11298076923076923 0.29086538461538464
0 0.3894230769230769 0.27884615384615385 0.12980769230769232 0.33413461538461536
0 0.6694711538461539 0.21394230769230768 0.14182692307692307 0.31490384615384615
0 0.7584134615384616 0.20192307692307693 0.14423076923076922 0.2932692307692308
1 0.8485576923076923 0.19110576923076922 0.13221153846153846 0.30528846153846156
1 0.48677884615384615 0.28725961538461536 0.12259615384615384 0.2692307692307692