1 0.16466346153846154 0.6730769230769231 0.08653846153846154 0.28125
1 0.7271634615384616 0.6538461538461539 0.08173076923076923 0.2956730769230769
1 0.25721153846153844 0.671875 0.07932692307692307 0.28846153846153844
1 0.9170673076923077 0.6490384615384616 0.09615384615384616 0.32211538461538464
1 0.07572115384615384 0.6875 0.07451923076923077 0.2548076923076923
1 0.8221153846153846 0.6706730769230769 0.08173076923076923 0.28846153846153844
1 0.5384615384615384 0.6814903846153846 0.09134615384615384 0.31490384615384615
0 0.6346153846153846 0.6814903846153846 0.06971153846153846 0.28846153846153844
1 0.3557692307692308 0.6911057692307693 0.08173076923076923 0.28846153846153844
0 0.4483173076923077 0.6959134615384616 0.0673076923076923 0.31971153846153844
0 0.34615384615384615 0.2439903846153846 0.07451923076923077 0.29086538461538464
0 0.24639423076923078 0.25240384615384615 0.0625 0.27163461538461536
0 0.625 0.25 0.06971153846153846 0.33413461538461536
1 0.06129807692307692 0.27403846153846156 0.07211538461538461 0.2620192307692308
0 0.15745192307692307 0.27163461538461536 0.06009615384615385 0.28846153846153844
0 0.4338942307692308 0.2620192307692308 0.0673076923076923 0.3317307692307692
0 0.7211538461538461 0.2512019230769231 0.08653846153846154 0.3076923076923077
0 0.8100961538461539 0.25721153846153844 0.09375 0.28365384615384615
1 0.9002403846153846 0.26322115384615385 0.07692307692307693 0.3004807692307692
1 0.5276442307692307 0.28846153846153844 0.07451923076923077 0.2644230769230769