1 0.840778097982709 0.6614649681528662 0.07634005763688763 0.2783439490445859
1 0.27844380403458213 0.662484076433121 0.07037463976945249 0.29273885350318474
1 0.7490201729106629 0.6637579617834395 0.06948126801152742 0.2870063694267516
1 0.0892507204610951 0.6637579617834395 0.0848991354466859 0.31987261146496815
1 0.9298270893371757 0.6729936305732483 0.0647838616714698 0.25210191082802536
1 0.18380403458213257 0.6820382165605094 0.07129682997118156 0.286624203821656
1 0.4671181556195966 0.682420382165605 0.08014409221902018 0.3121019108280254
0 0.37118155619596543 0.6865605095541403 0.05936599423631126 0.2874522292993631
1 0.6502305475504323 0.6865605095541403 0.07080691642651295 0.2874522292993631
0 0.5585878962536024 0.6931210191082802 0.0548414985590779 0.3170063694267516
0 0.6452161383285302 0.23891719745222928 0.06449567723342939 0.28802547770700637
0 0.7451296829971181 0.24445859872611467 0.0535734870317003 0.2703184713375796
0 0.3662536023054755 0.25477707006369427 0.058789625360230524 0.3319745222929937
1 0.9303746397694523 0.2578343949044586 0.06219020172910675 0.2600636942675159
0 0.8337175792507205 0.25904458598726116 0.04933717579250722 0.2871974522292994
0 0.5576368876080692 0.25949044585987263 0.056714697406340074 0.32910828025477706
0 0.27069164265129686 0.25987261146496815 0.07593659942363111 0.3052866242038217
0 0.18121037463976947 0.26853503184713373 0.08262247838616715 0.2814649681528662
1 0.09112391930835735 0.2775796178343949 0.06631123919308357 0.29955414012738857
1 0.4652737752161383 0.28968152866242036 0.06484149855907781 0.2621019108280254