1 0.1778846153846154 0.6959134615384616 0.10576923076923077 0.2860576923076923
1 0.7367788461538461 0.6382211538461539 0.10096153846153846 0.2980769230769231
1 0.2692307692307692 0.6887019230769231 0.0985576923076923 0.2932692307692308
1 0.9254807692307693 0.6201923076923077 0.11778846153846154 0.3269230769230769
1 0.09014423076923077 0.7175480769230769 0.09134615384615384 0.25721153846153844
1 0.8329326923076923 0.6478365384615384 0.10096153846153846 0.29086538461538464
1 0.5516826923076923 0.6778846153846154 0.11298076923076923 0.31971153846153844
0 0.6478365384615384 0.671875 0.0889423076923077 0.29086538461538464
1 0.3701923076923077 0.7007211538461539 0.10096153846153846 0.2932692307692308
0 0.46153846153846156 0.6983173076923077 0.0889423076923077 0.32211538461538464
0 0.328125 0.25600961538461536 0.09375 0.2932692307692308
0 0.22956730769230768 0.2704326923076923 0.08173076923076923 0.27403846153846156
0 0.6069711538461539 0.24278846153846154 0.09375 0.33653846153846156
1 0.046875 0.30528846153846156 0.0889423076923077 0.2644230769230769
0 0.14302884615384615 0.2956730769230769 0.07932692307692307 0.29086538461538464
0 0.4170673076923077 0.2668269230769231 0.09134615384615384 0.33413461538461536
0 0.703125 0.23677884615384615 0.10817307692307693 0.3125
0 0.7920673076923077 0.23557692307692307 0.11298076923076923 0.28846153846153844
1 0.8834134615384616 0.23557692307692307 0.09615384615384616 0.30528846153846156
1 0.5132211538461539 0.28725961538461536 0.09134615384615384 0.2668269230769231