0 0.31971153846153844 0.29447115384615385 0.1778846153846154 0.40625
0 0.6177884615384616 0.31490384615384615 0.15384615384615385 0.3918269230769231
1 0.7680288461538461 0.33774038461538464 0.15144230769230768 0.34134615384615385
0 0.921875 0.34975961538461536 0.15144230769230768 0.40625
1 0.46274038461538464 0.3401442307692308 0.14182692307692307 0.3245192307692308
1 0.16466346153846154 0.32572115384615385 0.12740384615384615 0.34615384615384615
0 0.07572115384615384 0.6959134615384616 0.15144230769230768 0.37259615384615385
1 0.5228365384615384 0.7211538461538461 0.15144230769230768 0.34375
1 0.21033653846153846 0.7115384615384616 0.16105769230769232 0.3076923076923077
1 0.8305288461538461 0.75 0.17067307692307693 0.36538461538461536
0 0.6610576923076923 0.7536057692307693 0.17548076923076922 0.43990384615384615
0 0.35216346153846156 0.7487980769230769 0.19471153846153846 0.41586538461538464