0 0.6334134615384616 0.2608173076923077 0.2548076923076923 0.4254807692307692
0 0.34615384615384615 0.34375 0.2283653846153846 0.40625
1 0.203125 0.39663461538461536 0.21634615384615385 0.3581730769230769
0 0.08413461538461539 0.4411057692307692 0.16826923076923078 0.4206730769230769
1 0.5036057692307693 0.33653846153846156 0.20432692307692307 0.3389423076923077
1 0.7920673076923077 0.25961538461538464 0.19471153846153846 0.3581730769230769
0 0.9242788461538461 0.6009615384615384 0.15144230769230768 0.38461538461538464
1 0.5228365384615384 0.7211538461538461 0.21634615384615385 0.3605769230769231
1 0.8269230769230769 0.6466346153846154 0.21875 0.3269230769230769
1 0.2283653846153846 0.8100961538461539 0.2403846153846154 0.3798076923076923
0 0.3942307692307692 0.7764423076923077 0.25961538461538464 0.44711538461538464
0 0.6959134615384616 0.7127403846153846 0.27163461538461536 0.4375