0 0.2860576923076923 0.3293269230769231 0.20432692307692307 0.41586538461538464
0 0.5841346153846154 0.296875 0.18028846153846154 0.39903846153846156
1 0.7355769230769231 0.2932692307692308 0.17548076923076922 0.3485576923076923
0 0.8942307692307693 0.27884615384615385 0.18509615384615385 0.4110576923076923
1 0.43509615384615385 0.34975961538461536 0.16346153846153846 0.3317307692307692
1 0.13942307692307693 0.3870192307692308 0.15144230769230768 0.35096153846153844
0 0.10576923076923077 0.7692307692307693 0.19230769230769232 0.37740384615384615
1 0.5612980769230769 0.7139423076923077 0.17548076923076922 0.35096153846153844
1 0.25240384615384615 0.7584134615384616 0.18028846153846154 0.31490384615384615
1 0.8677884615384616 0.6887019230769231 0.19471153846153846 0.37259615384615385
0 0.703125 0.7223557692307693 0.20432692307692307 0.44711538461538464
0 0.39783653846153844 0.7704326923076923 0.22115384615384615 0.4254807692307692