0 0.28966346153846156 0.32572115384615385 0.1971153846153846 0.41346153846153844
0 0.5877403846153846 0.2980769230769231 0.17307692307692307 0.39663461538461536
1 0.7391826923076923 0.296875 0.16826923076923078 0.3485576923076923
0 0.8978365384615384 0.2848557692307692 0.1778846153846154 0.4110576923076923
1 0.4387019230769231 0.3485576923076923 0.15865384615384615 0.3293269230769231
1 0.14182692307692307 0.38100961538461536 0.1466346153846154 0.35096153846153844
0 0.10096153846153846 0.7620192307692307 0.18509615384615385 0.375
1 0.5576923076923077 0.7151442307692307 0.16826923076923078 0.35096153846153844
1 0.24759615384615385 0.7536057692307693 0.17548076923076922 0.31490384615384615
1 0.8653846153846154 0.6947115384615384 0.18990384615384615 0.3701923076923077
0 0.6995192307692307 0.7259615384615384 0.1971153846153846 0.44711538461538464
0 0.39302884615384615 0.7692307692307693 0.21394230769230768 0.4230769230769231