0 0.2956730769230769 0.3173076923076923 0.18269230769230768 0.40865384615384615
0 0.5949519230769231 0.3016826923076923 0.16105769230769232 0.3918269230769231
1 0.7463942307692307 0.30528846153846156 0.15865384615384615 0.34375
0 0.9050480769230769 0.29927884615384615 0.1658653846153846 0.40625
1 0.44350961538461536 0.34615384615384615 0.1466346153846154 0.3269230769230769
1 0.1466346153846154 0.36778846153846156 0.1346153846153846 0.3485576923076923
0 0.09254807692307693 0.7475961538461539 0.17307692307692307 0.3701923076923077
1 0.5504807692307693 0.7175480769230769 0.15865384615384615 0.34615384615384615
1 0.23918269230769232 0.7451923076923077 0.1658653846153846 0.3076923076923077
1 0.8581730769230769 0.7079326923076923 0.17548076923076922 0.36778846153846156
0 0.6911057692307693 0.7319711538461539 0.18269230769230768 0.4423076923076923
0 0.38341346153846156 0.7644230769230769 0.20192307692307693 0.4182692307692308