0 0.6418269230769231 0.265625 0.24278846153846154 0.4230769230769231
0 0.35216346153846156 0.33774038461538464 0.21634615384615385 0.40384615384615385
1 0.20673076923076922 0.3858173076923077 0.20673076923076922 0.3581730769230769
0 0.0829326923076923 0.4254807692307692 0.1658653846153846 0.4182692307692308
1 0.5096153846153846 0.33653846153846156 0.19230769230769232 0.3389423076923077
1 0.7992788461538461 0.2704326923076923 0.18509615384615385 0.3557692307692308
0 0.9254807692307693 0.6177884615384616 0.14903846153846154 0.38461538461538464
1 0.515625 0.7223557692307693 0.20673076923076922 0.3581730769230769
1 0.8209134615384616 0.6574519230769231 0.2091346153846154 0.3245192307692308
1 0.21875 0.8028846153846154 0.2283653846153846 0.38221153846153844
0 0.38461538461538464 0.7740384615384616 0.24519230769230768 0.4519230769230769
0 0.6887019230769231 0.71875 0.25961538461538464 0.43509615384615385