0 0.33774038461538464 0.27884615384615385 0.2091346153846154 0.41586538461538464
0 0.6334134615384616 0.32572115384615385 0.18509615384615385 0.39903846153846156
1 0.78125 0.3605769230769231 0.18028846153846154 0.35096153846153844
0 0.9206730769230769 0.3870192307692308 0.15865384615384615 0.41346153846153844
1 0.47716346153846156 0.33774038461538464 0.16826923076923078 0.3317307692307692
1 0.1814903846153846 0.296875 0.15625 0.35336538461538464
0 0.0733173076923077 0.6574519230769231 0.1466346153846154 0.37740384615384615
1 0.5036057692307693 0.7223557692307693 0.18028846153846154 0.35336538461538464
1 0.1935096153846154 0.6850961538461539 0.18509615384615385 0.3173076923076923
1 0.8064903846153846 0.7776442307692307 0.20192307692307693 0.375
0 0.6382211538461539 0.7668269230769231 0.21153846153846154 0.4495192307692308
0 0.33052884615384615 0.734375 0.2283653846153846 0.4254807692307692