0 0.7103365384615384 0.32572115384615385 0.1971153846153846 0.41346153846153844
0 0.41225961538461536 0.2980769230769231 0.17307692307692307 0.39663461538461536
1 0.2608173076923077 0.296875 0.16826923076923078 0.3485576923076923
0 0.10216346153846154 0.2848557692307692 0.1778846153846154 0.4110576923076923
1 0.5612980769230769 0.3485576923076923 0.15865384615384615 0.3293269230769231
1 0.8581730769230769 0.38100961538461536 0.1466346153846154 0.35096153846153844
0 0.8990384615384616 0.7620192307692307 0.18509615384615385 0.375
1 0.4423076923076923 0.7151442307692307 0.16826923076923078 0.35096153846153844
1 0.7524038461538461 0.7536057692307693 0.17548076923076922 0.31490384615384615
1 0.1346153846153846 0.6947115384615384 0.18990384615384615 0.3701923076923077
0 0.3004807692307692 0.7259615384615384 0.1971153846153846 0.44711538461538464
0 0.6069711538461539 0.7692307692307693 0.21394230769230768 0.4230769230769231