0 0.3088942307692308 0.30408653846153844 0.15625 0.39903846153846156
0 0.6081730769230769 0.3088942307692308 0.13341346153846154 0.38461538461538464
1 0.7596153846153846 0.3233173076923077 0.1346153846153846 0.33533653846153844
0 0.9182692307692307 0.328125 0.13822115384615385 0.39783653846153844
1 0.4543269230769231 0.3425480769230769 0.125 0.31850961538461536
1 0.15625 0.34375 0.11057692307692307 0.3401442307692308
0 0.07572115384615384 0.71875 0.14903846153846154 0.36177884615384615
1 0.5348557692307693 0.7199519230769231 0.1346153846153846 0.33774038461538464
1 0.22235576923076922 0.7259615384615384 0.14543269230769232 0.3004807692307692
1 0.8425480769230769 0.7319711538461539 0.15264423076923078 0.35697115384615385
0 0.6742788461538461 0.7451923076923077 0.15264423076923078 0.4326923076923077
0 0.36538461538461536 0.7560096153846154 0.17307692307692307 0.40625