0 0.6913083333333334 0.3037037037037037 0.15660833333333338 0.3990074074074073
0 0.39204999999999995 0.3088888888888889 0.13309166666666664 0.3846962962962964
1 0.24040833333333333 0.3237037037037037 0.13425833333333334 0.33530370370370377
0 0.08195833333333333 0.3278962962962963 0.13791666666666666 0.3980296296296297
1 0.5461916666666666 0.3422222222222222 0.12471666666666674 0.31802962962962955
1 0.8432333333333334 0.3432148148148148 0.11045000000000006 0.33974814814814813
0 0.92525 0.7185185185185186 0.14950000000000008 0.3595111111111111
1 0.46481666666666666 0.7197481481481481 0.13418333333333332 0.3372888888888888
1 0.777125 0.7261777777777779 0.14491666666666675 0.3007407407407408
1 0.15708333333333332 0.7318518518518519 0.15205833333333335 0.35654814814814817
0 0.32553333333333334 0.7451851851851852 0.15283333333333332 0.4325925925925926
0 0.6342333333333333 0.7565481481481483 0.17300833333333324 0.405925925925926