0 0.6382211538461539 0.26322115384615385 0.24759615384615385 0.4254807692307692
0 0.3485576923076923 0.3401442307692308 0.22355769230769232 0.40625
1 0.20552884615384615 0.3918269230769231 0.21153846153846154 0.3581730769230769
0 0.08533653846153846 0.4338942307692308 0.17067307692307693 0.4206730769230769
1 0.5060096153846154 0.33653846153846156 0.19951923076923078 0.3389423076923077
1 0.7956730769230769 0.265625 0.18990384615384615 0.3581730769230769
0 0.9230769230769231 0.6105769230769231 0.14903846153846154 0.3894230769230769
1 0.5192307692307693 0.7223557692307693 0.21153846153846154 0.3605769230769231
1 0.8245192307692307 0.6526442307692307 0.21394230769230768 0.3245192307692308
1 0.22355769230769232 0.8064903846153846 0.23557692307692307 0.38221153846153844
0 0.3918269230769231 0.7740384615384616 0.2548076923076923 0.44711538461538464
0 0.6923076923076923 0.7163461538461539 0.2668269230769231 0.43509615384615385