0 0.6911057692307693 0.30408653846153844 0.15625 0.39903846153846156
0 0.3918269230769231 0.3088942307692308 0.1346153846153846 0.38461538461538464
1 0.2403846153846154 0.3233173076923077 0.1346153846153846 0.33653846153846156
0 0.08173076923076923 0.328125 0.13942307692307693 0.39903846153846156
1 0.5456730769230769 0.3425480769230769 0.125 0.3173076923076923
1 0.84375 0.34375 0.11057692307692307 0.34134615384615385
0 0.9242788461538461 0.71875 0.14903846153846154 0.3605769230769231
1 0.4651442307692308 0.7199519230769231 0.1346153846153846 0.33653846153846156
1 0.7776442307692307 0.7259615384615384 0.14423076923076922 0.3004807692307692
1 0.15745192307692307 0.7319711538461539 0.15384615384615385 0.3557692307692308
0 0.32572115384615385 0.7451923076923077 0.15384615384615385 0.4326923076923077
0 0.6346153846153846 0.7560096153846154 0.17307692307692307 0.40625