0 0.36658653846153844 0.2608173076923077 0.2548076923076923 0.4254807692307692
0 0.6538461538461539 0.34375 0.2283653846153846 0.40625
1 0.796875 0.39663461538461536 0.21634615384615385 0.3581730769230769
0 0.9134615384615384 0.4423076923076923 0.16826923076923078 0.4230769230769231
1 0.4963942307692308 0.33653846153846156 0.20432692307692307 0.34134615384615385
1 0.20793269230769232 0.25961538461538464 0.19471153846153846 0.3581730769230769
0 0.07692307692307693 0.6009615384615384 0.15384615384615385 0.3894230769230769
1 0.47716346153846156 0.7211538461538461 0.21875 0.3605769230769231
1 0.17307692307692307 0.6466346153846154 0.21875 0.3269230769230769
1 0.7704326923076923 0.8088942307692307 0.24278846153846154 0.37740384615384615
0 0.6045673076923077 0.7752403846153846 0.2620192307692308 0.44471153846153844
0 0.30408653846153844 0.7127403846153846 0.27163461538461536 0.4375