0 0.6658653846153846 0.2824519230769231 0.20432692307692307 0.41586538461538464
0 0.36899038461538464 0.3233173076923077 0.18028846153846154 0.39903846153846156
1 0.22115384615384615 0.3557692307692308 0.17548076923076922 0.3485576923076923
0 0.07932692307692307 0.3798076923076923 0.15865384615384615 0.41346153846153844
1 0.5264423076923077 0.33774038461538464 0.16346153846153846 0.3317307692307692
1 0.8221153846153846 0.30288461538461536 0.15144230769230768 0.35096153846153844
0 0.9242788461538461 0.6658653846153846 0.1466346153846154 0.3798076923076923
1 0.49278846153846156 0.7223557692307693 0.17548076923076922 0.35096153846153844
1 0.8028846153846154 0.6899038461538461 0.18028846153846154 0.31490384615384615
1 0.18870192307692307 0.7716346153846154 0.19471153846153846 0.37259615384615385
0 0.35697115384615385 0.7644230769230769 0.20432692307692307 0.44711538461538464
0 0.6646634615384616 0.7379807692307693 0.22115384615384615 0.4254807692307692