0 0.3161057692307692 0.2980769230769231 0.17067307692307693 0.40384615384615385
0 0.6141826923076923 0.3125 0.1466346153846154 0.3894230769230769
1 0.765625 0.3329326923076923 0.1466346153846154 0.3389423076923077
0 0.9230769230769231 0.34375 0.14903846153846154 0.40384615384615385
1 0.46033653846153844 0.34134615384615385 0.13701923076923078 0.32211538461538464
1 0.1622596153846154 0.3317307692307692 0.12259615384615384 0.34375
0 0.07572115384615384 0.7043269230769231 0.15144230769230768 0.3701923076923077
1 0.5276442307692307 0.7211538461538461 0.1466346153846154 0.34134615384615385
1 0.21514423076923078 0.7163461538461539 0.15625 0.30528846153846156
1 0.8341346153846154 0.7439903846153846 0.1658653846153846 0.3629807692307692
0 0.6658653846153846 0.7512019230769231 0.16826923076923078 0.4375
0 0.35697115384615385 0.7512019230769231 0.1875 0.4110576923076923