0 0.8425480769230769 0.7536057692307693 0.11298076923076923 0.375
0 0.051682692307692304 0.6598557692307693 0.10096153846153846 0.3389423076923077
1 0.14302884615384615 0.6730769230769231 0.14182692307692307 0.3918269230769231
0 0.7439903846153846 0.7524038461538461 0.10576923076923077 0.375
0 0.6430288461538461 0.7475961538461539 0.10576923076923077 0.3894230769230769
1 0.921875 0.7824519230769231 0.10336538461538461 0.33653846153846156
0 0.4326923076923077 0.7307692307692307 0.11778846153846154 0.4110576923076923
1 0.33533653846153844 0.7259615384615384 0.10817307692307693 0.3269230769230769
1 0.5228365384615384 0.7560096153846154 0.11057692307692307 0.33653846153846156
0 0.49278846153846156 0.2247596153846154 0.125 0.36778846153846156
0 0.203125 0.19230769230769232 0.10817307692307693 0.375
0 0.1045673076923077 0.18870192307692307 0.0985576923076923 0.3581730769230769
1 0.7848557692307693 0.27884615384615385 0.10096153846153846 0.3004807692307692
0 0.3088942307692308 0.21995192307692307 0.125 0.40865384615384615
0 0.59375 0.25721153846153844 0.13942307692307693 0.42788461538461536
0 0.40384615384615385 0.2403846153846154 0.12740384615384615 0.40384615384615385
1 0.6850961538461539 0.28365384615384615 0.11538461538461539 0.3269230769230769
1 0.8725961538461539 0.3161057692307692 0.11057692307692307 0.31009615384615385
1 0.9651442307692307 0.3389423076923077 0.06971153846153846 0.32211538461538464
0 0.24759615384615385 0.6706730769230769 0.11778846153846154 0.36778846153846156