0 0.12903030303030302 0.7105633802816902 0.06866666666666665 0.37007042253521133
0 0.9257272727272727 0.7126056338028169 0.06084848484848497 0.3338028169014085
1 0.8324848484848486 0.7152112676056338 0.0966666666666666 0.3833802816901408
0 0.22675757575757574 0.7212676056338029 0.06154545454545455 0.3712676056338028
0 0.3283939393939394 0.7285211267605634 0.06048484848484851 0.38577464788732396
1 0.046363636363636364 0.7288732394366197 0.06375757575757575 0.3302112676056337
0 0.5388484848484848 0.7363380281690141 0.06927272727272732 0.40549295774647875
1 0.6353636363636364 0.7445774647887325 0.07015151515151508 0.32133802816901413
1 0.44606060606060605 0.7511971830985915 0.06957575757575751 0.3306338028169015
0 0.541 0.22718309859154928 0.0805151515151515 0.3609154929577465
0 0.8322121212121212 0.23119718309859152 0.06381818181818165 0.368943661971831
0 0.9307272727272727 0.23922535211267604 0.05651515151515145 0.35288732394366196
1 0.24348484848484847 0.24507042253521125 0.0660606060606061 0.2961267605633803
0 0.722969696969697 0.2452112676056338 0.07672727272727271 0.40119718309859154
0 0.43654545454545457 0.2480281690140845 0.09036363636363634 0.418943661971831
0 0.6278484848484849 0.25366197183098593 0.07927272727272734 0.3980281690140845
1 0.34260606060606064 0.2633802816901408 0.07733333333333337 0.32070422535211274
1 0.15275757575757576 0.27140845070422537 0.07433333333333333 0.3045774647887324
1 0.04660606060606061 0.28225352112676055 0.05457575757575758 0.3183098591549296
0 0.7297272727272728 0.7002816901408451 0.0735454545454545 0.3616197183098591