0 0.8473557692307693 0.7475961538461539 0.10576923076923077 0.375
0 0.054086538461538464 0.6670673076923077 0.09615384615384616 0.3389423076923077
1 0.14543269230769232 0.6826923076923077 0.07932692307692307 0.25
0 0.7487980769230769 0.7487980769230769 0.10096153846153846 0.375
0 0.44350961538461536 0.71875 0.0889423076923077 0.3701923076923077
0 0.6466346153846154 0.7451923076923077 0.10096153846153846 0.3894230769230769
1 0.9266826923076923 0.7740384615384616 0.0985576923076923 0.33653846153846156
1 0.3389423076923077 0.7283653846153846 0.10336538461538461 0.3269230769230769
1 0.5276442307692307 0.7560096153846154 0.10336538461538461 0.33653846153846156
0 0.3016826923076923 0.20072115384615385 0.10096153846153846 0.3581730769230769
0 0.19831730769230768 0.1971153846153846 0.10096153846153846 0.37259615384615385
0 0.09975961538461539 0.19591346153846154 0.09375 0.3581730769230769
0 0.49278846153846156 0.2403846153846154 0.10336538461538461 0.33653846153846156
1 0.78125 0.27283653846153844 0.09615384615384616 0.3004807692307692
0 0.59375 0.26802884615384615 0.09134615384615384 0.30288461538461536
1 0.6814903846153846 0.28125 0.11057692307692307 0.3269230769230769
0 0.3894230769230769 0.2536057692307692 0.10096153846153846 0.375
1 0.8689903846153846 0.3088942307692308 0.10576923076923077 0.31009615384615385
1 0.9639423076923077 0.33052884615384615 0.0673076923076923 0.3245192307692308
0 0.2512019230769231 0.6754807692307693 0.11057692307692307 0.36778846153846156