0 0.875 0.7043269230769231 0.07451923076923077 0.3701923076923077
0 0.078125 0.7199519230769231 0.0673076923076923 0.33413461538461536
1 0.17067307692307693 0.7211538461538461 0.10336538461538461 0.38461538461538464
0 0.7764423076923077 0.7163461538461539 0.0673076923076923 0.37259615384615385
0 0.6754807692307693 0.7247596153846154 0.0673076923076923 0.3870192307692308
1 0.9567307692307693 0.7199519230769231 0.06971153846153846 0.3317307692307692
0 0.4651442307692308 0.7379807692307693 0.07692307692307693 0.40625
1 0.36899038461538464 0.7463942307692307 0.07451923076923077 0.32211538461538464
1 0.5588942307692307 0.75 0.07451923076923077 0.3317307692307692
0 0.4543269230769231 0.2283653846153846 0.08653846153846154 0.3629807692307692
0 0.16346153846153846 0.23677884615384615 0.06971153846153846 0.3701923076923077
0 0.06490384615384616 0.24639423076923078 0.0625 0.35336538461538464
1 0.7512019230769231 0.2403846153846154 0.07211538461538461 0.2956730769230769
0 0.27163461538461536 0.24879807692307693 0.08413461538461539 0.40384615384615385
0 0.5588942307692307 0.24639423076923078 0.0985576923076923 0.4206730769230769
0 0.36778846153846156 0.25600961538461536 0.08653846153846154 0.39903846153846156
1 0.6538461538461539 0.2608173076923077 0.08173076923076923 0.32211538461538464
1 0.84375 0.265625 0.07932692307692307 0.30528846153846156
1 0.9495192307692307 0.27403846153846156 0.06009615384615385 0.31971153846153844
0 0.27403846153846156 0.7043269230769231 0.07932692307692307 0.3629807692307692