0 0.8641826923076923 0.7235576923076923 0.08173076923076923 0.37259615384615385
0 0.0673076923076923 0.6983173076923077 0.07211538461538461 0.33653846153846156
1 0.15985576923076922 0.703125 0.11057692307692307 0.3870192307692308
0 0.7644230769230769 0.7307692307692307 0.07451923076923077 0.37259615384615385
0 0.6634615384615384 0.734375 0.07451923076923077 0.3870192307692308
1 0.9447115384615384 0.7439903846153846 0.07451923076923077 0.3317307692307692
0 0.453125 0.7355769230769231 0.08413461538461539 0.40625
1 0.3557692307692308 0.7391826923076923 0.08173076923076923 0.32211538461538464
1 0.5456730769230769 0.7524038461538461 0.08173076923076923 0.3317307692307692
0 0.46875 0.22596153846153846 0.09375 0.3629807692307692
0 0.1778846153846154 0.21995192307692307 0.07692307692307693 0.3701923076923077
0 0.07932692307692307 0.2247596153846154 0.06971153846153846 0.3557692307692308
1 0.7644230769230769 0.2548076923076923 0.07692307692307693 0.2980769230769231
0 0.2860576923076923 0.23798076923076922 0.09134615384615384 0.40384615384615385
0 0.5721153846153846 0.25 0.10576923076923077 0.4230769230769231
0 0.38100961538461536 0.24879807692307693 0.09375 0.4014423076923077
1 0.6658653846153846 0.2692307692307692 0.0889423076923077 0.3245192307692308
1 0.8545673076923077 0.28365384615384615 0.08413461538461539 0.3076923076923077
1 0.9603365384615384 0.2980769230769231 0.06490384615384616 0.31971153846153844
0 0.26322115384615385 0.6923076923076923 0.08653846153846154 0.3629807692307692