0 0.8966346153846154 0.65625 0.1201923076923077 0.375
0 0.10817307692307693 0.7704326923076923 0.10817307692307693 0.3389423076923077
1 0.20072115384615385 0.7632211538461539 0.08653846153846154 0.25240384615384615
0 0.8004807692307693 0.6814903846153846 0.11298076923076923 0.37740384615384615
0 0.49759615384615385 0.7259615384615384 0.10336538461538461 0.37259615384615385
0 0.7019230769230769 0.7019230769230769 0.11298076923076923 0.3894230769230769
1 0.9615384615384616 0.6646634615384616 0.07211538461538461 0.3389423076923077
1 0.39903846153846156 0.7608173076923077 0.11298076923076923 0.3269230769230769
1 0.5889423076923077 0.7415865384615384 0.11538461538461539 0.33653846153846156
0 0.23557692307692307 0.25841346153846156 0.11298076923076923 0.3581730769230769
0 0.1346153846153846 0.2800480769230769 0.11538461538461539 0.375
0 0.04567307692307692 0.30288461538461536 0.09134615384615384 0.3605769230769231
0 0.42908653846153844 0.25 0.11298076923076923 0.33653846153846156
1 0.7175480769230769 0.21153846153846154 0.10576923076923077 0.30288461538461536
0 0.5348557692307693 0.25240384615384615 0.10096153846153846 0.30288461538461536
1 0.6225961538461539 0.2439903846153846 0.1201923076923077 0.3293269230769231
0 0.3329326923076923 0.28846153846153844 0.11298076923076923 0.37740384615384615
1 0.8125 0.22596153846153846 0.11538461538461539 0.3125
1 0.9182692307692307 0.22115384615384615 0.0985576923076923 0.32211538461538464
0 0.3004807692307692 0.7307692307692307 0.12259615384615384 0.36778846153846156