0 0.7403846153846154 0.7764423076923077 0.24519230769230768 0.44711538461538464
1 0.8665865384615384 0.8197115384615384 0.17067307692307693 0.3605769230769231
1 0.46153846153846156 0.7896634615384616 0.1346153846153846 0.33653846153846156
1 0.20552884615384615 0.7620192307692307 0.1658653846153846 0.375
0 0.5432692307692307 0.8028846153846154 0.13942307692307693 0.3942307692307692
0 0.33653846153846156 0.7800480769230769 0.17067307692307693 0.38221153846153844
0 0.078125 0.7463942307692307 0.15625 0.37740384615384615
0 0.6730769230769231 0.2091346153846154 0.15625 0.3701923076923077
1 0.8064903846153846 0.23197115384615385 0.17307692307692307 0.37259615384615385
0 0.5504807692307693 0.20072115384615385 0.16105769230769232 0.39903846153846156
1 0.9242788461538461 0.25841346153846156 0.15144230769230768 0.39663461538461536
0 0.28125 0.16947115384615385 0.23557692307692307 0.3125
1 0.41586538461538464 0.19951923076923078 0.15144230769230768 0.3317307692307692
1 0.14543269230769232 0.17307692307692307 0.17548076923076922 0.34375