0 0.1875 0.7271634615384616 0.23798076923076922 0.4855769230769231
1 0.07091346153846154 0.7331730769230769 0.14182692307692307 0.39903846153846156
1 0.46153846153846156 0.7896634615384616 0.12980769230769232 0.33653846153846156
1 0.7163461538461539 0.8197115384615384 0.16346153846153846 0.3557692307692308
0 0.37740384615384615 0.7860576923076923 0.1346153846153846 0.40384615384615385
0 0.5853365384615384 0.8100961538461539 0.1658653846153846 0.375
0 0.8473557692307693 0.828125 0.15625 0.3389423076923077
0 0.4074519230769231 0.18028846153846154 0.15144230769230768 0.3605769230769231
1 0.27403846153846156 0.17548076923076922 0.16826923076923078 0.35096153846153844
0 0.5288461538461539 0.19831730769230768 0.15384615384615385 0.39663461538461536
1 0.13822115384615385 0.17668269230769232 0.18028846153846154 0.35336538461538464
0 0.796875 0.23798076923076922 0.23076923076923078 0.31009615384615385
1 0.6586538461538461 0.23076923076923078 0.14423076923076922 0.3293269230769231
1 0.9194711538461539 0.2764423076923077 0.15625 0.34615384615384615