0 0.7103365384615384 0.7860576923076923 0.29086538461538464 0.4230769230769231
1 0.8305288461538461 0.8353365384615384 0.2091346153846154 0.3245192307692308
1 0.43149038461538464 0.7836538461538461 0.1658653846153846 0.3389423076923077
1 0.18028846153846154 0.7295673076923077 0.20192307692307693 0.3798076923076923
0 0.5120192307692307 0.8028846153846154 0.18269230769230768 0.3894230769230769
0 0.3088942307692308 0.7620192307692307 0.20673076923076922 0.3894230769230769
0 0.07572115384615384 0.7019230769230769 0.15144230769230768 0.38461538461538464
0 0.703125 0.2283653846153846 0.18990384615384615 0.375
1 0.8329326923076923 0.265625 0.20673076923076922 0.3798076923076923
0 0.5817307692307693 0.20793269230769232 0.19951923076923078 0.4014423076923077
1 0.9254807692307693 0.30649038461538464 0.14423076923076922 0.40625
0 0.3173076923076923 0.15625 0.2644230769230769 0.3125
1 0.4483173076923077 0.19230769230769232 0.18028846153846154 0.33653846153846156
1 0.1814903846153846 0.15745192307692307 0.2091346153846154 0.31490384615384615