0 0.23798076923076922 0.7704326923076923 0.21634615384615385 0.4543269230769231
1 0.109375 0.8064903846153846 0.1466346153846154 0.38221153846153844
1 0.5180288461538461 0.7920673076923077 0.11298076923076923 0.3317307692307692
1 0.7752403846153846 0.7824519230769231 0.14182692307692307 0.3701923076923077
0 0.43509615384615385 0.8004807692307693 0.11538461538461539 0.3942307692307692
0 0.6430288461538461 0.7908653846153846 0.1466346153846154 0.37740384615384615
0 0.90625 0.7764423076923077 0.13701923076923078 0.37259615384615385
0 0.3473557692307692 0.1971153846153846 0.13221153846153846 0.36538461538461536
1 0.2127403846153846 0.21153846153846154 0.14903846153846154 0.36778846153846156
0 0.4699519230769231 0.19831730769230768 0.1346153846153846 0.3942307692307692
1 0.07932692307692307 0.22956730769230768 0.15865384615384615 0.3918269230769231
0 0.7415865384615384 0.18509615384615385 0.21634615384615385 0.3004807692307692
1 0.6045673076923077 0.20552884615384615 0.12980769230769232 0.3269230769230769
1 0.8762019230769231 0.19951923076923078 0.15144230769230768 0.33653846153846156