0 0.7816666666666666 0.7644376899696048 0.18 0.47112462006079026
1 0.9107166666666666 0.7831914893617021 0.11764999999999996 0.38501519756838903
1 0.5024500000000001 0.7920364741641337 0.09001666666666665 0.32674772036474165
1 0.24484999999999998 0.8001519756838906 0.11648333333333331 0.36322188449848025
0 0.58605 0.8003951367781155 0.08498333333333336 0.399179331306991
0 0.37733333333333335 0.8009118541033434 0.12031666666666667 0.36981762917933125
0 0.11431666666666668 0.804468085106383 0.11096666666666664 0.36677811550151973
0 0.6304833333333334 0.18793313069908815 0.10718333333333344 0.3596656534954408
1 0.7664333333333334 0.19224924012158054 0.1240833333333334 0.3591793313069909
0 0.5088333333333334 0.19656534954407295 0.10833333333333334 0.3870212765957447
1 0.9025166666666666 0.19908814589665655 0.13181666666666664 0.38197568389057757
0 0.23665000000000003 0.2031306990881459 0.1973 0.2887537993920973
1 0.3749666666666666 0.21376899696048632 0.10726666666666664 0.3201519756838906
1 0.10280000000000002 0.2256838905775076 0.12958333333333333 0.3287841945288754