0 0.19591346153846154 0.7379807692307693 0.22115384615384615 0.4831730769230769
1 0.07211538461538461 0.7463942307692307 0.14423076923076922 0.39663461538461536
1 0.4723557692307692 0.7908653846153846 0.11778846153846154 0.33413461538461536
1 0.7283653846153846 0.8173076923076923 0.14903846153846154 0.3605769230769231
0 0.38822115384615385 0.7908653846153846 0.1201923076923077 0.40384615384615385
0 0.5961538461538461 0.8088942307692307 0.15384615384615385 0.37740384615384615
0 0.8581730769230769 0.8233173076923077 0.14423076923076922 0.3485576923076923
0 0.39783653846153844 0.1814903846153846 0.14182692307692307 0.3629807692307692
1 0.2620192307692308 0.17908653846153846 0.15865384615384615 0.3581730769230769
0 0.5180288461538461 0.1971153846153846 0.14182692307692307 0.3942307692307692
1 0.125 0.1814903846153846 0.16826923076923078 0.3629807692307692
0 0.7884615384615384 0.22716346153846154 0.22115384615384615 0.30528846153846156
1 0.6490384615384616 0.22596153846153846 0.1346153846153846 0.3293269230769231
1 0.9194711538461539 0.2620192307692308 0.15865384615384615 0.3389423076923077