0 0.18870192307692307 0.7283653846153846 0.23557692307692307 0.49038461538461536
1 0.06971153846153846 0.7319711538461539 0.13942307692307693 0.39663461538461536
1 0.46153846153846156 0.7896634615384616 0.12980769230769232 0.33653846153846156
1 0.7151442307692307 0.8209134615384616 0.16105769230769232 0.3581730769230769
0 0.37740384615384615 0.7872596153846154 0.13221153846153846 0.40625
0 0.5841346153846154 0.8112980769230769 0.16346153846153846 0.37740384615384615
0 0.8461538461538461 0.8293269230769231 0.15384615384615385 0.34134615384615385
0 0.40625 0.17908653846153846 0.14903846153846154 0.3581730769230769
1 0.27283653846153844 0.17427884615384615 0.1658653846153846 0.3485576923076923
0 0.5288461538461539 0.19831730769230768 0.15384615384615385 0.39663461538461536
1 0.13701923076923078 0.17548076923076922 0.1778846153846154 0.35096153846153844
0 0.796875 0.23798076923076922 0.23076923076923078 0.31009615384615385
1 0.6586538461538461 0.23076923076923078 0.14423076923076922 0.3293269230769231
1 0.9206730769230769 0.27524038461538464 0.15865384615384615 0.34375