0 0.2692307692307692 0.7800480769230769 0.25961538461538464 0.43990384615384615
1 0.14423076923076922 0.8257211538461539 0.18269230769230768 0.3485576923076923
1 0.5480769230769231 0.7884615384615384 0.1466346153846154 0.33653846153846156
1 0.8028846153846154 0.7512019230769231 0.1778846153846154 0.37740384615384615
0 0.46634615384615385 0.8028846153846154 0.15384615384615385 0.3942307692307692
0 0.6730769230769231 0.7740384615384616 0.18269230769230768 0.38461538461538464
0 0.9230769230769231 0.7307692307692307 0.15384615384615385 0.3798076923076923
0 0.3173076923076923 0.21514423076923078 0.16826923076923078 0.37259615384615385
1 0.18389423076923078 0.24278846153846154 0.18509615384615385 0.375
0 0.4387019230769231 0.203125 0.17307692307692307 0.39903846153846156
1 0.07451923076923077 0.27403846153846156 0.14903846153846154 0.39903846153846156
0 0.7079326923076923 0.1622596153846154 0.24519230769230768 0.3173076923076923
1 0.5733173076923077 0.1971153846153846 0.16105769230769232 0.33413461538461536
1 0.8425480769230769 0.16706730769230768 0.18509615384615385 0.33413461538461536