0 0.17668269230769232 0.7103365384615384 0.25961538461538464 0.49278846153846156
1 0.06971153846153846 0.7079326923076923 0.13942307692307693 0.4014423076923077
1 0.44711538461538464 0.7872596153846154 0.1466346153846154 0.33653846153846156
1 0.6983173076923077 0.8245192307692307 0.18028846153846154 0.34615384615384615
0 0.3629807692307692 0.7800480769230769 0.15384615384615385 0.40625
0 0.5685096153846154 0.8112980769230769 0.18509615384615385 0.37259615384615385
0 0.828125 0.8365384615384616 0.17548076923076922 0.32211538461538464
0 0.4266826923076923 0.17908653846153846 0.17067307692307693 0.3581730769230769
1 0.29086538461538464 0.16947115384615385 0.1875 0.3389423076923077
0 0.5444711538461539 0.20072115384615385 0.17307692307692307 0.39903846153846156
1 0.15745192307692307 0.16826923076923078 0.19951923076923078 0.33653846153846156
0 0.8112980769230769 0.2536057692307692 0.24519230769230768 0.3173076923076923
1 0.6730769230769231 0.2403846153846154 0.16105769230769232 0.33413461538461536
1 0.921875 0.29927884615384615 0.15144230769230768 0.3485576923076923