0 0.21754807692307693 0.7632211538461539 0.1814903846153846 0.4675480769230769
1 0.0889423076923077 0.7836538461538461 0.11778846153846154 0.38461538461538464
1 0.49759615384615385 0.7920673076923077 0.09014423076923077 0.3269230769230769
1 0.7548076923076923 0.8004807692307693 0.11658653846153846 0.3629807692307692
0 0.41346153846153844 0.7992788461538461 0.08653846153846154 0.39663461538461536
0 0.6225961538461539 0.8004807692307693 0.1201923076923077 0.3701923076923077
0 0.8858173076923077 0.8040865384615384 0.11057692307692307 0.36658653846153844
0 0.36899038461538464 0.1875 0.10697115384615384 0.359375
1 0.23317307692307693 0.19230769230769232 0.12379807692307693 0.359375
0 0.49158653846153844 0.1971153846153846 0.10817307692307693 0.3870192307692308
1 0.09735576923076923 0.19951923076923078 0.13221153846153846 0.38221153846153844
0 0.7632211538461539 0.203125 0.1971153846153846 0.28846153846153844
1 0.625 0.21394230769230768 0.10697115384615384 0.31971153846153844
1 0.8966346153846154 0.22596153846153846 0.12980769230769232 0.3293269230769231