0 0.24158653846153846 0.7716346153846154 0.22355769230769232 0.4519230769230769
1 0.11538461538461539 0.8088942307692307 0.15384615384615385 0.37740384615384615
1 0.5228365384615384 0.7908653846153846 0.11778846153846154 0.33413461538461536
1 0.7800480769230769 0.7776442307692307 0.1466346153846154 0.3701923076923077
0 0.4411057692307692 0.8004807692307693 0.12259615384615384 0.3942307692307692
0 0.6478365384615384 0.7884615384615384 0.15144230769230768 0.3798076923076923
0 0.9110576923076923 0.7692307692307693 0.14182692307692307 0.375
0 0.3425480769230769 0.19951923076923078 0.13942307692307693 0.36778846153846156
1 0.20793269230769232 0.21634615384615385 0.15625 0.3701923076923077
0 0.4651442307692308 0.19951923076923078 0.14182692307692307 0.3942307692307692
1 0.078125 0.23557692307692307 0.15625 0.3942307692307692
0 0.7367788461538461 0.1814903846153846 0.22115384615384615 0.30528846153846156
1 0.5997596153846154 0.20432692307692307 0.1346153846153846 0.3293269230769231
1 0.8713942307692307 0.19230769230769232 0.15865384615384615 0.3389423076923077