0 0.7956730769230769 0.7475961538461539 0.20673076923076922 0.47596153846153844
1 0.9254807692307693 0.7620192307692307 0.13701923076923078 0.3894230769230769
1 0.5180288461538461 0.7920673076923077 0.10817307692307693 0.3317307692307692
1 0.2608173076923077 0.8137019230769231 0.1346153846153846 0.36778846153846156
0 0.6021634615384616 0.7944711538461539 0.10817307692307693 0.4014423076923077
0 0.39302884615384615 0.8064903846153846 0.13942307692307693 0.375
0 0.1310096153846154 0.8173076923076923 0.13221153846153846 0.3605769230769231
0 0.6141826923076923 0.18269230769230768 0.12740384615384615 0.36538461538461536
1 0.75 0.1814903846153846 0.14423076923076922 0.3629807692307692
0 0.49278846153846156 0.1971153846153846 0.12740384615384615 0.3918269230769231
1 0.8870192307692307 0.1875 0.15384615384615385 0.375
0 0.22115384615384615 0.21754807692307693 0.21153846153846154 0.2980769230769231
1 0.3605769230769231 0.22115384615384615 0.12259615384615384 0.3245192307692308
1 0.09014423076923077 0.24759615384615385 0.1466346153846154 0.33653846153846156