0 0.8413461538461539 0.6814903846153846 0.2956730769230769 0.49759615384615385
1 0.9302884615384616 0.6682692307692307 0.1346153846153846 0.40384615384615385
1 0.578125 0.78125 0.17067307692307693 0.3389423076923077
1 0.3329326923076923 0.8317307692307693 0.2091346153846154 0.3317307692307692
0 0.6610576923076923 0.7668269230769231 0.18509615384615385 0.40625
0 0.46033653846153844 0.8125 0.21394230769230768 0.3701923076923077
0 0.20552884615384615 0.8497596153846154 0.20432692307692307 0.2956730769230769
0 0.546875 0.17668269230769232 0.19951923076923078 0.35336538461538464
1 0.6790865384615384 0.1622596153846154 0.21394230769230768 0.3245192307692308
0 0.43028846153846156 0.20552884615384615 0.20432692307692307 0.4014423076923077
1 0.8112980769230769 0.15504807692307693 0.2283653846153846 0.31009615384615385
0 0.16947115384615385 0.28125 0.2644230769230769 0.3293269230769231
1 0.30528846153846156 0.25600961538461536 0.18509615384615385 0.33653846153846156
1 0.07692307692307693 0.33774038461538464 0.15384615384615385 0.35336538461538464