0 0.22355769230769232 0.7644230769230769 0.19230769230769232 0.46634615384615385
1 0.09375 0.7908653846153846 0.125 0.3870192307692308
1 0.5024038461538461 0.7920673076923077 0.09615384615384616 0.3293269230769231
1 0.7596153846153846 0.7956730769230769 0.12259615384615384 0.36538461538461536
0 0.4182692307692308 0.7992788461538461 0.09615384615384616 0.39663461538461536
0 0.6274038461538461 0.7980769230769231 0.12740384615384615 0.37259615384615385
0 0.890625 0.796875 0.11778846153846154 0.36778846153846156
0 0.3629807692307692 0.18990384615384615 0.11298076923076923 0.3605769230769231
1 0.2283653846153846 0.1971153846153846 0.12980769230769232 0.3605769230769231
0 0.48677884615384615 0.1971153846153846 0.11538461538461539 0.3894230769230769
1 0.09254807692307693 0.20673076923076922 0.13942307692307693 0.38461538461538464
0 0.7584134615384616 0.19831730769230768 0.20192307692307693 0.29086538461538464
1 0.6201923076923077 0.21153846153846154 0.11298076923076923 0.32211538461538464
1 0.8918269230769231 0.21875 0.1346153846153846 0.3317307692307692