0 0.7163461538461539 0.7848557692307693 0.28365384615384615 0.4254807692307692
1 0.8377403846153846 0.8329326923076923 0.20432692307692307 0.3293269230769231
1 0.4362980769230769 0.7848557692307693 0.16105769230769232 0.3389423076923077
1 0.18389423076923078 0.7355769230769231 0.19471153846153846 0.3798076923076923
0 0.5180288461538461 0.8028846153846154 0.17548076923076922 0.3894230769230769
0 0.3125 0.765625 0.19951923076923078 0.3870192307692308
0 0.07572115384615384 0.7091346153846154 0.15144230769230768 0.38461538461538464
0 0.6983173076923077 0.2247596153846154 0.18509615384615385 0.375
1 0.8293269230769231 0.2608173076923077 0.20192307692307693 0.37740384615384615
0 0.5769230769230769 0.20673076923076922 0.19230769230769232 0.4014423076923077
1 0.9254807692307693 0.2980769230769231 0.14423076923076922 0.40384615384615385
0 0.31009615384615385 0.15745192307692307 0.25961538461538464 0.31490384615384615
1 0.4423076923076923 0.1935096153846154 0.17548076923076922 0.33653846153846156
1 0.17548076923076922 0.16105769230769232 0.20192307692307693 0.32211538461538464