0 0.671875 0.3004807692307692 0.12980769230769232 0.34615384615384615
1 0.9591346153846154 0.28846153846153844 0.07451923076923077 0.30288461538461536
0 0.22956730769230768 0.3449519230769231 0.12740384615384615 0.3173076923076923
1 0.5612980769230769 0.3245192307692308 0.11778846153846154 0.2956730769230769
1 0.051682692307692304 0.3605769230769231 0.10336538461538461 0.3125
1 0.7692307692307693 0.31009615384615385 0.11057692307692307 0.3076923076923077
1 0.8725961538461539 0.30408653846153844 0.11298076923076923 0.2980769230769231
1 0.45552884615384615 0.33653846153846156 0.10576923076923077 0.31490384615384615
1 0.14543269230769232 0.36177884615384615 0.09134615384615384 0.2932692307692308
1 0.35216346153846156 0.3473557692307692 0.11538461538461539 0.30288461538461536
0 0.9134615384615384 0.609375 0.1346153846153846 0.32211538461538464
1 0.6850961538461539 0.6454326923076923 0.11057692307692307 0.3076923076923077
1 0.7896634615384616 0.6418269230769231 0.12259615384615384 0.3173076923076923
1 0.5829326923076923 0.65625 0.12259615384615384 0.3076923076923077
1 0.4807692307692308 0.6634615384615384 0.11778846153846154 0.30528846153846156
1 0.0625 0.6947115384615384 0.11538461538461539 0.3173076923076923
0 0.15504807692307693 0.6923076923076923 0.1346153846153846 0.3557692307692308
1 0.26802884615384615 0.6875 0.10817307692307693 0.3125
0 0.3713942307692308 0.6850961538461539 0.13942307692307693 0.3581730769230769