0 0.7247596153846154 0.3629807692307692 0.18509615384615385 0.3557692307692308
1 0.9675480769230769 0.4423076923076923 0.06009615384615385 0.3076923076923077
0 0.29086538461538464 0.2692307692307692 0.1778846153846154 0.3269230769230769
1 0.6129807692307693 0.35216346153846156 0.1658653846153846 0.30528846153846156
1 0.10817307692307693 0.22596153846153846 0.17548076923076922 0.3245192307692308
1 0.8137019230769231 0.4026442307692308 0.15865384615384615 0.31490384615384615
1 0.9158653846153846 0.42908653846153844 0.16105769230769232 0.30528846153846156
1 0.5084134615384616 0.3317307692307692 0.15865384615384615 0.32211538461538464
1 0.20552884615384615 0.25961538461538464 0.13942307692307693 0.2980769230769231
1 0.40625 0.3088942307692308 0.16346153846153846 0.31009615384615385
0 0.859375 0.7319711538461539 0.18509615384615385 0.3317307692307692
1 0.6310096153846154 0.6947115384615384 0.16105769230769232 0.31490384615384615
1 0.7307692307692307 0.7247596153846154 0.17307692307692307 0.3245192307692308
1 0.53125 0.6754807692307693 0.17067307692307693 0.3173076923076923
1 0.43149038461538464 0.6502403846153846 0.1658653846153846 0.31490384615384615
1 0.055288461538461536 0.5492788461538461 0.11057692307692307 0.3293269230769231
0 0.11298076923076923 0.5769230769230769 0.18990384615384615 0.36538461538461536
1 0.22235576923076922 0.6069711538461539 0.15865384615384615 0.31971153846153844
0 0.32091346153846156 0.6358173076923077 0.1971153846153846 0.3701923076923077