0 0.3245192307692308 0.30288461538461536 0.125 0.34615384615384615
1 0.037259615384615384 0.296875 0.06971153846153846 0.30288461538461536
0 0.7668269230769231 0.3401442307692308 0.12259615384615384 0.3173076923076923
1 0.4362980769230769 0.32572115384615385 0.11298076923076923 0.2932692307692308
1 0.9459134615384616 0.35336538461538464 0.10336538461538461 0.3173076923076923
1 0.2283653846153846 0.31490384615384615 0.10576923076923077 0.30528846153846156
1 0.12379807692307693 0.31009615384615385 0.10817307692307693 0.2956730769230769
1 0.5408653846153846 0.33653846153846156 0.10096153846153846 0.31490384615384615
1 0.8521634615384616 0.3557692307692308 0.08653846153846154 0.2932692307692308
1 0.6454326923076923 0.3449519230769231 0.10817307692307693 0.3004807692307692
0 0.08774038461538461 0.6165865384615384 0.12740384615384615 0.31971153846153844
1 0.3173076923076923 0.6478365384615384 0.10576923076923077 0.30528846153846156
1 0.2127403846153846 0.6478365384615384 0.11778846153846154 0.31490384615384615
1 0.41947115384615385 0.6586538461538461 0.11778846153846154 0.30528846153846156
1 0.5216346153846154 0.6634615384615384 0.11057692307692307 0.30528846153846156
1 0.9399038461538461 0.6862980769230769 0.11057692307692307 0.3173076923076923
0 0.8473557692307693 0.6862980769230769 0.12740384615384615 0.35336538461538464
1 0.734375 0.6826923076923077 0.10336538461538461 0.31009615384615385
0 0.6310096153846154 0.6826923076923077 0.13221153846153846 0.3581730769230769