0 0.3581730769230769 0.2776442307692308 0.17548076923076922 0.3557692307692308
1 0.07572115384615384 0.22716346153846154 0.11538461538461539 0.30528846153846156
0 0.7884615384615384 0.38461538461538464 0.16826923076923078 0.3269230769230769
1 0.4639423076923077 0.3173076923076923 0.15625 0.30288461538461536
1 0.9447115384615384 0.4254807692307692 0.11057692307692307 0.32211538461538464
1 0.2608173076923077 0.27403846153846156 0.14903846153846154 0.3125
1 0.15745192307692307 0.2536057692307692 0.15144230769230768 0.30528846153846156
1 0.5661057692307693 0.3449519230769231 0.14903846153846154 0.32211538461538464
1 0.8701923076923077 0.41225961538461536 0.12980769230769232 0.2980769230769231
1 0.6682692307692307 0.3701923076923077 0.15384615384615385 0.31009615384615385
0 0.08052884615384616 0.5504807692307693 0.16105769230769232 0.3317307692307692
1 0.296875 0.6177884615384616 0.15144230769230768 0.31490384615384615
1 0.1935096153846154 0.6009615384615384 0.16346153846153846 0.3245192307692308
1 0.3954326923076923 0.6442307692307693 0.16346153846153846 0.31490384615384615
1 0.4951923076923077 0.6646634615384616 0.15625 0.31490384615384615
1 0.90625 0.7536057692307693 0.15865384615384615 0.3245192307692308
0 0.8137019230769231 0.7391826923076923 0.18028846153846154 0.3629807692307692
1 0.703125 0.7175480769230769 0.14903846153846154 0.3173076923076923
0 0.6009615384615384 0.7007211538461539 0.18509615384615385 0.36778846153846156