0 0.34615384615384615 0.2860576923076923 0.15865384615384615 0.35336538461538464
1 0.06129807692307692 0.24879807692307693 0.10096153846153846 0.30528846153846156
0 0.7824519230769231 0.36899038461538464 0.15384615384615385 0.3245192307692308
1 0.4543269230769231 0.31971153846153844 0.14182692307692307 0.3004807692307692
1 0.9447115384615384 0.4014423076923077 0.10576923076923077 0.32211538461538464
1 0.24879807692307693 0.28725961538461536 0.13701923076923078 0.3125
1 0.14543269230769232 0.27283653846153844 0.13701923076923078 0.30288461538461536
1 0.5576923076923077 0.34134615384615385 0.13221153846153846 0.31971153846153844
1 0.8653846153846154 0.39302884615384615 0.11538461538461539 0.2980769230769231
1 0.6610576923076923 0.3605769230769231 0.13701923076923078 0.3076923076923077
0 0.08052884615384616 0.5745192307692307 0.16105769230769232 0.3317307692307692
1 0.30288461538461536 0.6286057692307693 0.1346153846153846 0.3125
1 0.19951923076923078 0.6165865384615384 0.14903846153846154 0.32211538461538464
1 0.40384615384615385 0.6490384615384616 0.1466346153846154 0.3125
1 0.5048076923076923 0.6646634615384616 0.14182692307692307 0.3125
1 0.9182692307692307 0.7319711538461539 0.14423076923076922 0.3245192307692308
0 0.8257211538461539 0.7223557692307693 0.16105769230769232 0.3605769230769231
1 0.7139423076923077 0.7067307692307693 0.1346153846153846 0.3173076923076923
0 0.6117788461538461 0.6959134615384616 0.16826923076923078 0.36538461538461536