0 0.6887019230769231 0.3161057692307692 0.11298076923076923 0.34134615384615385
1 0.9711538461538461 0.3293269230769231 0.052884615384615384 0.30288461538461536
0 0.24519230769230768 0.32211538461538464 0.11057692307692307 0.3125
1 0.5757211538461539 0.33052884615384615 0.10336538461538461 0.29086538461538464
1 0.057692307692307696 0.32211538461538464 0.10817307692307693 0.31009615384615385
1 0.7836538461538461 0.33413461538461536 0.09375 0.30288461538461536
1 0.8882211538461539 0.33774038461538464 0.0985576923076923 0.2932692307692308
1 0.4699519230769231 0.33413461538461536 0.09134615384615384 0.3125
1 0.15865384615384615 0.3317307692307692 0.07692307692307693 0.29086538461538464
1 0.36538461538461536 0.33533653846153844 0.0985576923076923 0.2980769230769231
0 0.9026442307692307 0.6454326923076923 0.11778846153846154 0.3173076923076923
1 0.671875 0.6610576923076923 0.09615384615384616 0.30288461538461536
1 0.7764423076923077 0.6670673076923077 0.10576923076923077 0.3125
1 0.5697115384615384 0.6634615384615384 0.10817307692307693 0.30288461538461536
1 0.4675480769230769 0.6622596153846154 0.10096153846153846 0.30288461538461536
1 0.05048076923076923 0.65625 0.10096153846153846 0.3173076923076923
0 0.140625 0.6622596153846154 0.11538461538461539 0.35096153846153844
1 0.2536057692307692 0.6658653846153846 0.09375 0.3076923076923077
0 0.3557692307692308 0.6730769230769231 0.1201923076923077 0.35336538461538464