0 0.7091346153846154 0.3401442307692308 0.15384615384615385 0.35096153846153844
1 0.9711538461538461 0.3894230769230769 0.052884615384615384 0.3076923076923077
0 0.26802884615384615 0.2920673076923077 0.14903846153846154 0.32211538461538464
1 0.5961538461538461 0.34134615384615385 0.13701923076923078 0.3004807692307692
1 0.08173076923076923 0.2692307692307692 0.14423076923076922 0.31971153846153844
1 0.8016826923076923 0.3701923076923077 0.12980769230769232 0.31009615384615385
1 0.9050480769230769 0.3858173076923077 0.13221153846153846 0.30288461538461536
1 0.49038461538461536 0.3317307692307692 0.12740384615384615 0.31971153846153844
1 0.18269230769230768 0.2920673076923077 0.11057692307692307 0.2956730769230769
1 0.3870192307692308 0.31971153846153844 0.1346153846153846 0.3076923076923077
0 0.8822115384615384 0.6935096153846154 0.15384615384615385 0.3269230769230769
1 0.6502403846153846 0.6802884615384616 0.13221153846153846 0.31009615384615385
1 0.7536057692307693 0.6995192307692307 0.14423076923076922 0.32211538461538464
1 0.5492788461538461 0.6706730769230769 0.14182692307692307 0.3125
1 0.44711538461538464 0.65625 0.13701923076923078 0.31009615384615385
1 0.051682692307692304 0.5997596153846154 0.10336538461538461 0.3245192307692308
0 0.12259615384615384 0.6165865384615384 0.15625 0.3605769230769231
1 0.234375 0.6346153846153846 0.12980769230769232 0.31490384615384615
0 0.33653846153846156 0.6538461538461539 0.16105769230769232 0.36538461538461536