0 0.6983173076923077 0.32572115384615385 0.12980769230769232 0.34615384615384615
1 0.9711538461538461 0.3545673076923077 0.052884615384615384 0.30528846153846156
0 0.2548076923076923 0.3088942307692308 0.12740384615384615 0.31971153846153844
1 0.5853365384615384 0.33533653846153844 0.11778846153846154 0.2956730769230769
1 0.0673076923076923 0.2980769230769231 0.125 0.31490384615384615
1 0.7920673076923077 0.34975961538461536 0.11057692307692307 0.3076923076923077
1 0.8966346153846154 0.3581730769230769 0.11298076923076923 0.2980769230769231
1 0.4795673076923077 0.3317307692307692 0.10576923076923077 0.3173076923076923
1 0.16826923076923078 0.3137019230769231 0.09134615384615384 0.2956730769230769
1 0.375 0.328125 0.11298076923076923 0.30288461538461536
0 0.8942307692307693 0.6658653846153846 0.1346153846153846 0.32211538461538464
1 0.6634615384615384 0.6694711538461539 0.11057692307692307 0.3076923076923077
1 0.7668269230769231 0.6814903846153846 0.12259615384615384 0.3173076923076923
1 0.5600961538461539 0.6670673076923077 0.12259615384615384 0.3076923076923077
1 0.45913461538461536 0.6598557692307693 0.11778846153846154 0.30528846153846156
1 0.05048076923076923 0.6334134615384616 0.10096153846153846 0.31971153846153844
0 0.13221153846153846 0.6430288461538461 0.13221153846153846 0.35336538461538464
1 0.24519230769230768 0.6526442307692307 0.11057692307692307 0.3125
0 0.3473557692307692 0.6646634615384616 0.13701923076923078 0.3581730769230769