0 0.7175480769230769 0.35096153846153844 0.16826923076923078 0.3557692307692308
1 0.9699519230769231 0.41586538461538464 0.055288461538461536 0.3076923076923077
0 0.27884615384615385 0.28125 0.16346153846153846 0.3269230769230769
1 0.6045673076923077 0.34615384615384615 0.15144230769230768 0.30288461538461536
1 0.09495192307692307 0.24759615384615385 0.16105769230769232 0.32211538461538464
1 0.8088942307692307 0.3858173076923077 0.1466346153846154 0.31490384615384615
1 0.9110576923076923 0.4074519230769231 0.1466346153846154 0.30288461538461536
1 0.5 0.33052884615384615 0.14182692307692307 0.32211538461538464
1 0.1935096153846154 0.27524038461538464 0.125 0.2980769230769231
1 0.39663461538461536 0.31490384615384615 0.1466346153846154 0.3076923076923077
0 0.8713942307692307 0.7127403846153846 0.17067307692307693 0.3317307692307692
1 0.640625 0.6875 0.14423076923076922 0.3125
1 0.7427884615384616 0.7127403846153846 0.15865384615384615 0.3245192307692308
1 0.5396634615384616 0.6730769230769231 0.15625 0.31490384615384615
1 0.43990384615384615 0.6538461538461539 0.15144230769230768 0.3125
1 0.052884615384615384 0.5745192307692307 0.10576923076923077 0.3269230769230769
0 0.11778846153846154 0.5973557692307693 0.17307692307692307 0.3605769230769231
1 0.2283653846153846 0.6213942307692307 0.14423076923076922 0.3173076923076923
0 0.328125 0.6454326923076923 0.1778846153846154 0.36778846153846156