0 0.2800480769230769 0.3545673076923077 0.17548076923076922 0.3557692307692308
1 0.028846153846153848 0.421875 0.057692307692307696 0.30528846153846156
0 0.7163461538461539 0.2764423076923077 0.16826923076923078 0.3269230769230769
1 0.39302884615384615 0.3485576923076923 0.15625 0.30288461538461536
1 0.9014423076923077 0.2403846153846154 0.1658653846153846 0.32211538461538464
1 0.18990384615384615 0.3918269230769231 0.14903846153846154 0.3125
1 0.08774038461538461 0.41466346153846156 0.15144230769230768 0.30528846153846156
1 0.49759615384615385 0.33052884615384615 0.14903846153846154 0.32211538461538464
1 0.8028846153846154 0.2692307692307692 0.12980769230769232 0.2980769230769231
1 0.5997596153846154 0.3125 0.15384615384615385 0.31009615384615385
0 0.13221153846153846 0.7199519230769231 0.17548076923076922 0.3317307692307692
1 0.36177884615384615 0.6899038461538461 0.15144230769230768 0.31490384615384615
1 0.2608173076923077 0.7163461538461539 0.16346153846153846 0.3245192307692308
1 0.46274038461538464 0.6742788461538461 0.16346153846153846 0.31490384615384615
1 0.5637019230769231 0.6526442307692307 0.15625 0.31490384615384615
1 0.9471153846153846 0.5661057692307693 0.10576923076923077 0.3245192307692308
0 0.8846153846153846 0.5901442307692307 0.18028846153846154 0.3629807692307692
1 0.7740384615384616 0.6165865384615384 0.14903846153846154 0.3173076923076923
0 0.6742788461538461 0.6418269230769231 0.18509615384615385 0.36778846153846156