0 0.6754807692307693 0.30288461538461536 0.125 0.34615384615384615
1 0.9627403846153846 0.296875 0.06971153846153846 0.30288461538461536
0 0.23317307692307693 0.3401442307692308 0.12259615384615384 0.3173076923076923
1 0.5637019230769231 0.32572115384615385 0.11298076923076923 0.2932692307692308
1 0.054086538461538464 0.35336538461538464 0.10817307692307693 0.3173076923076923
1 0.7716346153846154 0.31490384615384615 0.10576923076923077 0.30528846153846156
1 0.8762019230769231 0.31009615384615385 0.10817307692307693 0.2956730769230769
1 0.45913461538461536 0.33653846153846156 0.10096153846153846 0.31490384615384615
1 0.14783653846153846 0.3557692307692308 0.08653846153846154 0.2932692307692308
1 0.3545673076923077 0.3449519230769231 0.10817307692307693 0.3004807692307692
0 0.9122596153846154 0.6165865384615384 0.12740384615384615 0.31971153846153844
1 0.6826923076923077 0.6478365384615384 0.10576923076923077 0.30528846153846156
1 0.7872596153846154 0.6478365384615384 0.11778846153846154 0.31490384615384615
1 0.5805288461538461 0.6586538461538461 0.11778846153846154 0.30528846153846156
1 0.47836538461538464 0.6634615384615384 0.11057692307692307 0.30528846153846156
1 0.06009615384615385 0.6862980769230769 0.11057692307692307 0.3173076923076923
0 0.15264423076923078 0.6862980769230769 0.12740384615384615 0.35336538461538464
1 0.265625 0.6826923076923077 0.10336538461538461 0.31009615384615385
0 0.36899038461538464 0.6826923076923077 0.13221153846153846 0.3581730769230769