0 0.6850961538461539 0.3125 0.10697115384615384 0.3401442307692308
1 0.9723557692307693 0.32091346153846156 0.054086538461538464 0.3004807692307692
0 0.24158653846153846 0.3269230769230769 0.10576923076923077 0.3112980769230769
1 0.5733173076923077 0.3293269230769231 0.0985576923076923 0.28966346153846156
1 0.054086538461538464 0.3293269230769231 0.10336538461538461 0.3088942307692308
1 0.78125 0.3293269230769231 0.0889423076923077 0.3016826923076923
1 0.8858173076923077 0.33052884615384615 0.09254807692307693 0.2920673076923077
1 0.4675480769230769 0.33413461538461536 0.08533653846153846 0.31009615384615385
1 0.15625 0.33774038461538464 0.07091346153846154 0.28966346153846156
1 0.3629807692307692 0.33774038461538464 0.09375 0.296875
0 0.9050480769230769 0.6382211538461539 0.11177884615384616 0.31490384615384615
1 0.6742788461538461 0.6574519230769231 0.09014423076923077 0.3016826923076923
1 0.7788461538461539 0.6622596153846154 0.10096153846153846 0.31009615384615385
1 0.5721153846153846 0.6622596153846154 0.10216346153846154 0.3004807692307692
1 0.4699519230769231 0.6622596153846154 0.09615384615384616 0.3004807692307692
1 0.05048076923076923 0.6634615384615384 0.09495192307692307 0.3125
0 0.14302884615384615 0.6682692307692307 0.109375 0.3485576923076923
1 0.25600961538461536 0.6706730769230769 0.08774038461538461 0.30649038461538464
0 0.359375 0.6754807692307693 0.1141826923076923 0.35216346153846156