0 0.296875 0.3329326923076923 0.14182692307692307 0.3485576923076923
1 0.027644230769230768 0.37259615384615385 0.055288461538461536 0.3076923076923077
0 0.7391826923076923 0.3004807692307692 0.13701923076923078 0.31971153846153844
1 0.40865384615384615 0.33774038461538464 0.12740384615384615 0.2980769230769231
1 0.9254807692307693 0.28365384615384615 0.1346153846153846 0.3173076923076923
1 0.20192307692307693 0.359375 0.1201923076923077 0.31009615384615385
1 0.0985576923076923 0.3713942307692308 0.12259615384615384 0.3004807692307692
1 0.5144230769230769 0.3317307692307692 0.11778846153846154 0.3173076923076923
1 0.8245192307692307 0.30288461538461536 0.10096153846153846 0.2956730769230769
1 0.6189903846153846 0.3245192307692308 0.125 0.30528846153846156
0 0.11177884615384616 0.6802884615384616 0.14423076923076922 0.3245192307692308
1 0.3425480769230769 0.6742788461538461 0.1201923076923077 0.31009615384615385
1 0.23918269230769232 0.6911057692307693 0.13221153846153846 0.31971153846153844
1 0.44471153846153844 0.6694711538461539 0.13221153846153846 0.31009615384615385
1 0.546875 0.6586538461538461 0.12740384615384615 0.3076923076923077
1 0.9483173076923077 0.6153846153846154 0.0985576923076923 0.32211538461538464
0 0.8725961538461539 0.6298076923076923 0.14423076923076922 0.3581730769230769
1 0.7608173076923077 0.6442307692307693 0.1201923076923077 0.31490384615384615
0 0.6586538461538461 0.6598557692307693 0.15144230769230768 0.3629807692307692