0 0.31484025559105433 0.31201438848920865 0.1065654952076677 0.3405275779376499
1 0.027539936102236425 0.3213429256594724 0.05378594249201278 0.30055155875299755
0 0.7581469648562301 0.32666666666666666 0.10571884984025569 0.3112230215827339
1 0.42646964856230035 0.32906474820143883 0.09908945686900954 0.2893764988009593
1 0.9476038338658148 0.32932853717026384 0.10479233226837047 0.30589928057553956
1 0.2188338658146965 0.32959232613908873 0.08849840255591053 0.3011031175059952
1 0.1144888178913738 0.3301438848920863 0.09279552715654953 0.2915107913669065
1 0.5329552715654952 0.3338609112709832 0.08485623003194889 0.3096163069544365
1 0.8436900958466453 0.33733812949640285 0.07091054313099049 0.2899040767386091
1 0.6365974440894568 0.3381294964028777 0.09333865814696478 0.2968345323741007
0 0.09531948881789137 0.6378896882494005 0.11126198083067093 0.3154916067146282
1 0.3260223642172524 0.6576019184652279 0.08988817891373799 0.301630695443645
1 0.2213258785942492 0.6618705035971223 0.10057507987220446 0.31014388489208644
1 0.42789137380191694 0.6623980815347722 0.10191693290734821 0.3005515587529976
1 0.5299361022364217 0.6623980815347722 0.0965654952076678 0.3005515587529976
1 0.949632587859425 0.6629256594724221 0.09464856230031948 0.31227817745803366
0 0.8573642172523962 0.6680095923261391 0.10888178913738022 0.3490647482014389
1 0.7441373801916933 0.6704076738609113 0.08833865814696479 0.30589928057553967
0 0.6401437699680511 0.6749160671462829 0.1146325878594249 0.3522541966426858